,recno,RAJ2000,DEJ2000,e_RAJ2000,e_DEJ2000,B-V,Vmag,Bmag,distance
170,8609982,205.60573,28.497954,1.104,0.713,0.337,15.483,15.821,8.015746910300798
347,8609982,205.60573,28.497954,1.104,0.713,0.337,15.483,15.821,8.015746910300798
217,8609689,205.462689,28.276539,0.767,0.911,0.212,15.661,15.873,7.936633254900629
40,8609689,205.462689,28.276539,0.767,0.911,0.212,15.661,15.873,7.936633254900629
178,8609646,205.576702,28.248158,0.365,0.724,0.306,15.504,15.81,7.930859363599955
1,8609646,205.576702,28.248158,0.365,0.724,0.306,15.504,15.81,7.930859363599955
220,8609694,205.42721,28.325234,0.786,0.445,0.884,14.623,15.507,7.914399903088115
43,8609694,205.42721,28.325234,0.786,0.445,0.884,14.623,15.507,7.914399903088115
353,8610019,205.535641,28.50718,1.146,0.71,0.213,15.713,15.926,7.831779116037595
176,8610019,205.535641,28.50718,1.146,0.71,0.213,15.713,15.926,7.831779116037595
179,8609648,205.55863,28.247285,0.856,0.518,1.272,15.09,16.362,7.823559617974246
2,8609648,205.55863,28.247285,0.856,0.518,1.272,15.09,16.362,7.823559617974246
110,8609913,205.653681,28.303321,0.735,0.688,0.353,15.908,16.261,7.718857206841026
287,8609913,205.653681,28.303321,0.735,0.688,0.353,15.908,16.261,7.718857206841026
348,8609984,205.572692,28.503427,0.614,0.608,0.831,15.436,16.267,7.707874417347285
171,8609984,205.572692,28.503427,0.614,0.608,0.831,15.436,16.267,7.707874417347285
39,8609688,205.453765,28.291459,0.324,0.9,0.593,14.862,15.456,7.6658168077510895
216,8609688,205.453765,28.291459,0.324,0.9,0.593,14.862,15.456,7.6658168077510895
108,8609788,205.434519,28.434939,0.175,0.503,1.14,13.836,14.976,7.659683953715536
285,8609788,205.434519,28.434939,0.175,0.503,1.14,13.836,14.976,7.659683953715536
0,8609644,205.492341,28.264427,0.088,0.114,1.533,12.844,14.377,7.560839983096822
177,8609644,205.492341,28.264427,0.088,0.114,1.533,12.844,14.377,7.560839983096822
283,8609785,205.428791,28.405373,1.06,0.543,0.565,15.435,16.0,7.372807676022198
106,8609785,205.428791,28.405373,1.06,0.543,0.565,15.435,16.0,7.372807676022198
291,8609917,205.665645,28.343866,0.547,1.118,0.31,15.348,15.658,7.313833475217203
114,8609917,205.665645,28.343866,0.547,1.118,0.31,15.348,15.658,7.313833475217203
169,8609981,205.589346,28.491989,0.903,0.853,0.156,15.475,15.632,7.3077211385220195
346,8609981,205.589346,28.491989,0.903,0.853,0.156,15.475,15.632,7.3077211385220195
264,8609740,205.428188,28.392458,0.793,0.453,0.865,15.343,16.208,7.270959020789341
87,8609740,205.428188,28.392458,0.793,0.453,0.865,15.343,16.208,7.270959020789341
167,8609979,205.575893,28.494194,0.616,0.967,0.424,15.73,16.154,7.20613998648386
344,8609979,205.575893,28.494194,0.616,0.967,0.424,15.73,16.154,7.20613998648386
3,8609649,205.588381,28.264502,0.844,0.753,0.886,15.883,16.77,7.1788193082148215
180,8609649,205.588381,28.264502,0.844,0.753,0.886,15.883,16.77,7.1788193082148215
331,8609966,205.629474,28.464524,0.926,0.857,1.064,15.929,16.993,7.1454025878736775
154,8609966,205.629474,28.464524,0.926,0.857,1.064,15.929,16.993,7.1454025878736775
4,8609650,205.609416,28.275679,0.656,1.214,-0.001,15.88,15.879,7.1102287568264995
181,8609650,205.609416,28.275679,0.656,1.214,-0.001,15.88,15.879,7.1102287568264995
335,8609970,205.607284,28.479493,0.843,0.643,0.44,15.796,16.236,7.077343250683633
158,8609970,205.607284,28.479493,0.843,0.643,0.44,15.796,16.236,7.077343250683633
218,8609690,205.464535,28.29564,0.351,0.241,0.642,14.087,14.729,7.022979349819771
41,8609690,205.464535,28.29564,0.351,0.241,0.642,14.087,14.729,7.022979349819771
263,8609739,205.43159,28.372373,0.307,0.238,1.12,13.935,15.056,7.015732931861267
86,8609739,205.43159,28.372373,0.307,0.238,1.12,13.935,15.056,7.015732931861267
284,8609786,205.440723,28.416487,0.113,0.13,1.436,12.712,14.148,6.8765356725904745
107,8609786,205.440723,28.416487,0.113,0.13,1.436,12.712,14.148,6.8765356725904745
109,8609789,205.454306,28.442321,1.189,0.92,0.458,15.622,16.08,6.864014170265134
286,8609789,205.454306,28.442321,1.189,0.92,0.458,15.622,16.08,6.864014170265134
307,8609937,205.661761,28.391697,0.339,0.576,1.121,14.401,15.522,6.85551540950846
130,8609937,205.661761,28.391697,0.339,0.576,1.121,14.401,15.522,6.85551540950846
7,8609653,205.601695,28.277506,0.464,0.663,0.439,15.615,16.054,6.786343302191665
184,8609653,205.601695,28.277506,0.464,0.663,0.439,15.615,16.054,6.786343302191665
189,8609658,205.521927,28.267829,0.553,0.43,0.898,15.167,16.065,6.756472050560112
12,8609658,205.521927,28.267829,0.553,0.43,0.898,15.167,16.065,6.756472050560112
332,8609967,205.63319,28.450776,0.202,0.345,1.145,14.036,15.181,6.731971678283199
155,8609967,205.63319,28.450776,0.202,0.345,1.145,14.036,15.181,6.731971678283199
175,8610016,205.503021,28.477745,0.858,0.505,0.305,15.795,16.101,6.614853753213589
352,8610016,205.503021,28.477745,0.858,0.505,0.305,15.795,16.101,6.614853753213589
16,8609662,205.507527,28.27527,0.594,0.574,0.891,15.145,16.037,6.5938166589615
193,8609662,205.507527,28.27527,0.594,0.574,0.891,15.145,16.037,6.5938166589615
168,8609980,205.591644,28.477811,0.298,0.4,0.994,14.115,15.109,6.566024863187734
345,8609980,205.591644,28.477811,0.298,0.4,0.994,14.115,15.109,6.566024863187734
342,8609977,205.510372,28.479716,0.557,0.395,0.641,14.971,15.612,6.556518951791719
165,8609977,205.510372,28.479716,0.557,0.395,0.641,14.971,15.612,6.556518951791719
113,8609916,205.647779,28.332928,0.303,0.236,1.234,13.636,14.87,6.528661612613107
290,8609916,205.647779,28.332928,0.303,0.236,1.234,13.636,14.87,6.528661612613107
192,8609661,205.499999,28.280758,1.138,0.964,0.788,16.173,16.961,6.478923035505259
15,8609661,205.499999,28.280758,1.138,0.964,0.788,16.173,16.961,6.478923035505259
129,8609936,205.655595,28.388872,1.196,0.45,0.45,15.671,16.121,6.468262165187929
306,8609936,205.655595,28.388872,1.196,0.45,0.45,15.671,16.121,6.468262165187929
42,8609691,205.456637,28.320817,1.165,0.891,0.393,15.451,15.845,6.465293433990504
219,8609691,205.456637,28.320817,1.165,0.891,0.393,15.451,15.845,6.465293433990504
309,8609939,205.639249,28.431669,0.993,0.555,0.2,15.578,15.778,6.352388904247149
132,8609939,205.639249,28.431669,0.993,0.555,0.2,15.578,15.778,6.352388904247149
97,8609750,205.457075,28.429668,0.432,0.639,0.982,14.865,15.846,6.317972980569002
274,8609750,205.457075,28.429668,0.432,0.639,0.982,14.865,15.846,6.317972980569002
231,8609707,205.453028,28.334019,0.397,0.393,0.865,14.631,15.496,6.284301901469169
54,8609707,205.453028,28.334019,0.397,0.393,0.865,14.631,15.496,6.284301901469169
340,8609975,205.501359,28.4707,0.879,0.635,0.152,15.707,15.859,6.276303485396425
163,8609975,205.501359,28.4707,0.879,0.635,0.152,15.707,15.859,6.276303485396425
186,8609655,205.615647,28.298029,0.426,0.398,0.636,14.707,15.342,6.2354559026583
9,8609655,205.615647,28.298029,0.426,0.398,0.636,14.707,15.342,6.2354559026583
265,8609741,205.44542,28.390874,0.796,0.666,-0.047,15.784,15.738,6.2333775699850635
88,8609741,205.44542,28.390874,0.796,0.666,-0.047,15.784,15.738,6.2333775699850635
258,8609734,205.446162,28.361017,1.135,0.945,0.686,15.671,16.357,6.212323656862372
81,8609734,205.446162,28.361017,1.135,0.945,0.686,15.671,16.357,6.212323656862372
310,8609940,205.6428,28.416634,0.665,0.574,1.102,14.634,15.736,6.135660229999176
133,8609940,205.6428,28.416634,0.665,0.574,1.102,14.634,15.736,6.135660229999176
6,8609652,205.592342,28.285128,0.293,0.597,0.676,14.373,15.049,6.1249778805477435
183,8609652,205.592342,28.285128,0.293,0.597,0.676,14.373,15.049,6.1249778805477435
47,8609700,205.475638,28.30661,0.49,0.764,0.698,15.362,16.06,6.086514916008988
224,8609700,205.475638,28.30661,0.49,0.764,0.698,15.362,16.06,6.086514916008988
334,8609969,205.609297,28.457595,0.951,1.3,1.158,15.599,16.757,6.047058642513634
157,8609969,205.609297,28.457595,0.951,1.3,1.158,15.599,16.757,6.047058642513634
276,8609752,205.46548,28.432557,0.718,0.581,0.722,15.436,16.157,5.980245027220342
99,8609752,205.46548,28.432557,0.718,0.581,0.722,15.436,16.157,5.980245027220342
277,8609753,205.474881,28.443853,0.571,0.524,1.096,14.364,15.46,5.951733865319978
100,8609753,205.474881,28.443853,0.571,0.524,1.096,14.364,15.46,5.951733865319978
339,8609974,205.56009,28.474376,1.23,1.068,0.543,15.363,15.906,5.867895114706803
162,8609974,205.56009,28.474376,1.23,1.068,0.543,15.363,15.906,5.867895114706803
153,8609965,205.623318,28.439627,0.665,0.606,0.085,15.814,15.899,5.8474093045044855
330,8609965,205.623318,28.439627,0.665,0.606,0.085,15.814,15.899,5.8474093045044855
82,8609735,205.455996,28.346563,1.021,0.647,1.009,14.981,15.99,5.843398181332733
259,8609735,205.455996,28.346563,1.021,0.647,1.009,14.981,15.99,5.843398181332733
57,8609710,205.471471,28.323404,0.4,0.562,1.211,14.063,15.274,5.635796248481395
234,8609710,205.471471,28.323404,0.4,0.562,1.211,14.063,15.274,5.635796248481395
191,8609660,205.551445,28.283775,0.61,0.661,0.63,15.283,15.913,5.613062964371639
14,8609660,205.551445,28.283775,0.61,0.661,0.63,15.283,15.913,5.613062964371639
289,8609915,205.633826,28.33922,0.683,0.93,0.091,15.977,16.069,5.610305879040564
112,8609915,205.633826,28.33922,0.683,0.93,0.091,15.977,16.069,5.610305879040564
10,8609656,205.617482,28.314291,0.349,0.208,1.048,14.208,15.256,5.60842712239319
187,8609656,205.617482,28.314291,0.349,0.208,1.048,14.208,15.256,5.60842712239319
164,8609976,205.504214,28.45874,0.651,0.671,0.509,15.556,16.065,5.56094720554005
341,8609976,205.504214,28.45874,0.651,0.671,0.509,15.556,16.065,5.56094720554005
49,8609702,205.479771,28.315613,0.942,0.704,1.125,15.665,16.79,5.536470510677535
226,8609702,205.479771,28.315613,0.942,0.704,1.125,15.665,16.79,5.536470510677535
98,8609751,205.4619,28.409085,1.077,0.847,0.343,15.225,15.568,5.530674609122604
275,8609751,205.4619,28.409085,1.077,0.847,0.343,15.225,15.568,5.530674609122604
225,8609701,205.479312,28.320685,0.132,0.468,1.418,13.213,14.631,5.359184845478308
48,8609701,205.479312,28.320685,0.132,0.468,1.418,13.213,14.631,5.359184845478308
297,8609927,205.635816,28.359898,0.606,0.65,0.096,15.757,15.853,5.346666504243674
120,8609927,205.635816,28.359898,0.606,0.65,0.096,15.757,15.853,5.346666504243674
329,8609964,205.611964,28.439724,0.464,0.788,1.027,14.962,15.989,5.3457192225928045
152,8609964,205.611964,28.439724,0.464,0.788,1.027,14.962,15.989,5.3457192225928045
156,8609968,205.582329,28.459135,0.654,0.907,0.954,16.022,16.976,5.316292452338977
333,8609968,205.582329,28.459135,0.654,0.907,0.954,16.022,16.976,5.316292452338977
8,8609654,205.609534,28.313322,0.645,0.349,0.89,14.643,15.533,5.307762901298161
185,8609654,205.609534,28.313322,0.645,0.349,0.89,14.643,15.533,5.307762901298161
55,8609708,205.466128,28.349653,0.944,0.449,0.726,14.461,15.187,5.2080554098437855
232,8609708,205.466128,28.349653,0.944,0.449,0.726,14.461,15.187,5.2080554098437855
343,8609978,205.511667,28.45569,0.759,0.97,0.557,15.264,15.821,5.195836338069601
166,8609978,205.511667,28.45569,0.759,0.97,0.557,15.264,15.821,5.195836338069601
190,8609659,205.539398,28.2916,0.531,1.012,0.178,15.596,15.775,5.1690174647412555
13,8609659,205.539398,28.2916,0.531,1.012,0.178,15.596,15.775,5.1690174647412555
128,8609935,205.627655,28.408504,0.516,1.198,0.339,15.422,15.761,5.110205547725154
305,8609935,205.627655,28.408504,0.516,1.198,0.339,15.422,15.761,5.110205547725154
56,8609709,205.471246,28.341883,0.756,0.788,0.342,15.313,15.656,5.093976726448347
233,8609709,205.471246,28.341883,0.756,0.788,0.342,15.313,15.656,5.093976726448347
18,8609664,205.530263,28.29459,0.605,0.477,0.986,15.115,16.101,5.079371709257119
195,8609664,205.530263,28.29459,0.605,0.477,0.986,15.115,16.101,5.079371709257119
260,8609736,205.464816,28.389587,0.362,0.131,1.637,12.643,14.28,5.070087372027613
83,8609736,205.464816,28.389587,0.362,0.131,1.637,12.643,14.28,5.070087372027613
279,8609755,205.484724,28.432238,0.299,0.37,1.309,13.689,14.998,5.04763078939044
102,8609755,205.484724,28.432238,0.299,0.37,1.309,13.689,14.998,5.04763078939044
298,8609928,205.631886,28.38269,0.721,0.637,1.211,13.696,14.906,5.018719885429284
121,8609928,205.631886,28.38269,0.721,0.637,1.211,13.696,14.906,5.018719885429284
338,8609973,205.544093,28.458524,0.988,0.776,0.453,15.213,15.666,4.881715683732582
161,8609973,205.544093,28.458524,0.988,0.776,0.453,15.213,15.666,4.881715683732582
103,8609756,205.494407,28.436219,0.577,0.833,0.666,15.467,16.133,4.79667313895827
280,8609756,205.494407,28.436219,0.577,0.833,0.666,15.467,16.133,4.79667313895827
24,8609670,205.601719,28.319862,0.923,0.849,1.075,15.563,16.637,4.700605420836704
201,8609670,205.601719,28.319862,0.923,0.849,1.075,15.563,16.637,4.700605420836704
85,8609738,205.471091,28.389483,1.079,0.527,0.776,15.802,16.579,4.6969470318070385
262,8609738,205.471091,28.389483,1.079,0.527,0.776,15.802,16.579,4.6969470318070385
143,8609955,205.613443,28.420267,0.631,1.138,0.89,15.802,16.692,4.6771725416530785
320,8609955,205.613443,28.420267,0.631,1.138,0.89,15.802,16.692,4.6771725416530785
304,8609934,205.620027,28.404596,0.262,0.401,1.247,13.844,15.091,4.598702762214069
127,8609934,205.620027,28.404596,0.262,0.401,1.247,13.844,15.091,4.598702762214069
236,8609712,205.477882,28.349939,0.709,0.148,1.339,13.507,14.846,4.538797312064588
59,8609712,205.477882,28.349939,0.709,0.148,1.339,13.507,14.846,4.538797312064588
58,8609711,205.485075,28.336346,0.998,0.5,0.791,15.191,15.983,4.524902711794358
235,8609711,205.485075,28.336346,0.998,0.5,0.791,15.191,15.983,4.524902711794358
150,8609962,205.570986,28.448468,0.379,0.349,0.851,14.671,15.522,4.480985178685567
327,8609962,205.570986,28.448468,0.379,0.349,0.851,14.671,15.522,4.480985178685567
89,8609742,205.483622,28.413473,0.683,1.292,0.36,15.837,16.197,4.453120958070081
266,8609742,205.483622,28.413473,0.683,1.292,0.36,15.837,16.197,4.453120958070081
22,8609668,205.567991,28.305985,0.418,0.686,1.029,15.056,16.084,4.4358344874893945
199,8609668,205.567991,28.305985,0.418,0.686,1.029,15.056,16.084,4.4358344874893945
200,8609669,205.584617,28.316724,0.963,0.537,0.874,15.254,16.128,4.232947147792054
23,8609669,205.584617,28.316724,0.963,0.537,0.874,15.254,16.128,4.232947147792054
52,8609705,205.507447,28.324234,1.268,1.046,0.398,15.761,16.159,4.021351478793734
229,8609705,205.507447,28.324234,1.268,1.046,0.398,15.761,16.159,4.021351478793734
336,8609971,205.538808,28.443457,1.504,0.702,0.367,15.314,15.681,4.012428420595266
159,8609971,205.538808,28.443457,1.504,0.702,0.367,15.314,15.681,4.012428420595266
20,8609666,205.551373,28.310776,0.228,0.402,1.12,13.724,14.844,3.994002586378685
197,8609666,205.551373,28.310776,0.228,0.402,1.12,13.724,14.844,3.994002586378685
303,8609933,205.614352,28.373765,0.485,0.69,1.005,14.895,15.901,3.961767896280265
126,8609933,205.614352,28.373765,0.485,0.69,1.005,14.895,15.901,3.961767896280265
296,8609926,205.611311,28.363107,0.584,1.027,0.424,15.345,15.768,3.8682879585158676
119,8609926,205.611311,28.363107,0.584,1.027,0.424,15.345,15.768,3.8682879585158676
228,8609704,205.506486,28.32872,0.626,0.572,0.706,15.408,16.114,3.8493201654840234
51,8609704,205.506486,28.32872,0.626,0.572,0.706,15.408,16.114,3.8493201654840234
160,8609972,205.550448,28.440524,0.479,0.309,1.628,12.649,14.277,3.7967780181095674
337,8609972,205.550448,28.440524,0.479,0.309,1.628,12.649,14.277,3.7967780181095674
268,8609744,205.50268,28.42009,0.275,0.24,1.041,14.321,15.362,3.75886216746522
91,8609744,205.50268,28.42009,0.275,0.24,1.041,14.321,15.362,3.75886216746522
198,8609667,205.558039,28.315833,0.589,1.179,0.586,15.728,16.313,3.7315790429789204
21,8609667,205.558039,28.315833,0.589,1.179,0.586,15.728,16.313,3.7315790429789204
267,8609743,205.488147,28.392578,0.969,0.968,1.274,14.559,15.833,3.7308581671248735
90,8609743,205.488147,28.392578,0.969,0.968,1.274,14.559,15.833,3.7308581671248735
295,8609925,205.604581,28.355998,0.377,0.593,0.888,14.854,15.742,3.6036496829737916
118,8609925,205.604581,28.355998,0.377,0.593,0.888,14.854,15.742,3.6036496829737916
125,8609932,205.607858,28.385775,0.744,0.864,0.68,15.879,16.559,3.602782608595152
302,8609932,205.607858,28.385775,0.744,0.864,0.68,15.879,16.559,3.602782608595152
326,8609961,205.569211,28.433067,1.405,1.005,-0.288,15.044,14.757,3.57237204809348
149,8609961,205.569211,28.433067,1.405,1.005,-0.288,15.044,14.757,3.57237204809348
53,8609706,205.515527,28.327889,1.044,0.423,0.778,15.042,15.82,3.5602105434935836
230,8609706,205.515527,28.327889,1.044,0.423,0.778,15.042,15.82,3.5602105434935836
196,8609665,205.544778,28.318239,0.192,0.184,0.775,13.484,14.258,3.548998979543431
19,8609665,205.544778,28.318239,0.192,0.184,0.775,13.484,14.258,3.548998979543431
194,8609663,205.526386,28.32271,0.427,0.575,0.673,14.809,15.482,3.5307735980093127
17,8609663,205.526386,28.32271,0.427,0.575,0.673,14.809,15.482,3.5307735980093127
246,8609722,205.490486,28.376116,0.236,0.404,0.953,14.159,15.111,3.4764979729031267
69,8609722,205.490486,28.376116,0.236,0.404,0.953,14.159,15.111,3.4764979729031267
237,8609713,205.491806,28.365366,0.841,0.482,0.913,14.363,15.276,3.470969673679441
60,8609713,205.491806,28.365366,0.841,0.482,0.913,14.363,15.276,3.470969673679441
124,8609931,205.604847,28.374091,1.28,0.547,1.105,14.008,15.113,3.3912519937629804
301,8609931,205.604847,28.374091,1.28,0.547,1.105,14.008,15.113,3.3912519937629804
323,8609958,205.551647,28.432521,0.826,0.773,0.891,14.729,15.62,3.320304207328106
146,8609958,205.551647,28.432521,0.826,0.773,0.891,14.729,15.62,3.320304207328106
123,8609930,205.601503,28.391583,0.501,0.759,1.005,14.738,15.743,3.2988495476456694
300,8609930,205.601503,28.391583,0.501,0.759,1.005,14.738,15.743,3.2988495476456694
50,8609703,205.50535,28.343911,0.348,0.333,1.466,13.499,14.965,3.2687448849984295
227,8609703,205.50535,28.343911,0.348,0.333,1.466,13.499,14.965,3.2687448849984295
247,8609723,205.495946,28.372329,0.779,1.373,0.646,14.766,15.411,3.162167132584835
70,8609723,205.495946,28.372329,0.779,1.373,0.646,14.766,15.411,3.162167132584835
269,8609745,205.50396,28.405555,1.207,1.213,0.83,14.953,15.783,3.1612548761526647
92,8609745,205.50396,28.405555,1.207,1.213,0.83,14.953,15.783,3.1612548761526647
62,8609715,205.503265,28.350263,0.753,1.162,1.063,14.033,15.096,3.156917545518238
239,8609715,205.503265,28.350263,0.753,1.162,1.063,14.033,15.096,3.156917545518238
215,8609684,205.596037,28.355545,0.792,0.837,1.141,14.743,15.884,3.1407231769128257
38,8609684,205.596037,28.355545,0.792,0.837,1.141,14.743,15.884,3.1407231769128257
30,8609676,205.572174,28.332508,0.604,1.165,0.582,14.876,15.459,3.040944151081585
207,8609676,205.572174,28.332508,0.604,1.165,0.582,14.876,15.459,3.040944151081585
71,8609724,205.498582,28.382375,0.134,0.233,1.522,11.759,13.281,3.005644985024263
248,8609724,205.498582,28.382375,0.134,0.233,1.522,11.759,13.281,3.005644985024263
139,8609951,205.591838,28.401005,0.499,0.733,1.099,13.336,14.435,2.968931970389015
316,8609951,205.591838,28.401005,0.499,0.733,1.099,13.336,14.435,2.968931970389015
324,8609959,205.559474,28.425178,0.401,0.432,1.472,12.996,14.468,2.9496485543195057
147,8609959,205.559474,28.425178,0.401,0.432,1.472,12.996,14.468,2.9496485543195057
273,8609749,205.522863,28.419193,1.258,0.918,0.325,14.901,15.226,2.9454481346648342
96,8609749,205.522863,28.419193,1.258,0.918,0.325,14.901,15.226,2.9454481346648342
61,8609714,205.502697,28.360335,0.515,0.52,1.351,13.173,14.524,2.9254281686613206
238,8609714,205.502697,28.360335,0.515,0.52,1.351,13.173,14.524,2.9254281686613206
140,8609952,205.592003,28.396686,0.453,0.661,0.703,14.552,15.255,2.862783446228626
317,8609952,205.592003,28.396686,0.453,0.661,0.703,14.552,15.255,2.862783446228626
29,8609675,205.555186,28.33073,0.186,0.103,1.341,12.904,14.245,2.8222051648311415
206,8609675,205.555186,28.33073,0.186,0.103,1.341,12.904,14.245,2.8222051648311415
203,8609672,205.539691,28.331576,0.249,0.433,1.388,13.236,14.624,2.7915847279995383
26,8609672,205.539691,28.331576,0.249,0.433,1.388,13.236,14.624,2.7915847279995383
93,8609746,205.511623,28.40346,0.575,0.435,1.359,14.947,16.306,2.7094995140808713
270,8609746,205.511623,28.40346,0.575,0.435,1.359,14.947,16.306,2.7094995140808713
145,8609957,205.550316,28.422374,0.885,0.38,1.249,14.618,15.867,2.7082204253717452
322,8609957,205.550316,28.422374,0.885,0.38,1.249,14.618,15.867,2.7082204253717452
95,8609748,205.518997,28.411266,0.763,0.861,0.389,15.095,15.484,2.697151618874688
272,8609748,205.518997,28.411266,0.763,0.861,0.389,15.095,15.484,2.697151618874688
122,8609929,205.590362,28.376094,1.165,1.034,1.013,14.106,15.119,2.5177607229438514
299,8609929,205.590362,28.376094,1.165,1.034,1.013,14.106,15.119,2.5177607229438514
321,8609956,205.539959,28.417696,0.189,1.208,-0.066,15.293,15.227,2.4776559640110567
144,8609956,205.539959,28.417696,0.189,1.208,-0.066,15.293,15.227,2.4776559640110567
252,8609728,205.525498,28.411205,0.259,0.689,1.205,12.931,14.136,2.4565907410068486
75,8609728,205.525498,28.411205,0.259,0.689,1.205,12.931,14.136,2.4565907410068486
249,8609725,205.513215,28.36122,0.842,1.541,0.772,13.754,14.526,2.3214167096840193
72,8609725,205.513215,28.36122,0.842,1.541,0.772,13.754,14.526,2.3214167096840193
251,8609727,205.51438,28.394825,0.567,1.501,1.325,13.345,14.67,2.2976017409472345
74,8609727,205.51438,28.394825,0.567,1.501,1.325,13.345,14.67,2.2976017409472345
213,8609682,205.581945,28.359862,1.354,1.011,0.798,13.738,14.536,2.266917254245706
36,8609682,205.581945,28.359862,1.354,1.011,0.798,13.738,14.536,2.266917254245706
37,8609683,205.584465,28.367959,0.718,0.506,0.984,14.041,15.026,2.234027728117486
214,8609683,205.584465,28.367959,0.718,0.506,0.984,14.041,15.026,2.234027728117486
137,8609949,205.579687,28.396447,0.369,0.599,1.249,13.166,14.415,2.200752513937159
314,8609949,205.579687,28.396447,0.369,0.599,1.249,13.166,14.415,2.200752513937159
148,8609960,205.562868,28.40958,1.053,1.193,0.899,13.872,14.771,2.123308457761219
325,8609960,205.562868,28.40958,1.053,1.193,0.899,13.872,14.771,2.123308457761219
315,8609950,205.582085,28.386761,0.432,0.511,1.415,12.327,13.742,2.098754902603167
138,8609950,205.582085,28.386761,0.432,0.511,1.415,12.327,13.742,2.098754902603167
63,8609716,205.527832,28.34919,0.551,0.724,1.549,12.54,14.089,2.0893277028752313
240,8609716,205.527832,28.34919,0.551,0.724,1.549,12.54,14.089,2.0893277028752313
212,8609681,205.577589,28.362006,1.178,0.887,0.899,12.968,13.867,1.9756929245196158
35,8609681,205.577589,28.362006,1.178,0.887,0.899,12.968,13.867,1.9756929245196158
28,8609674,205.552697,28.345939,0.555,1.264,1.497,13.173,14.67,1.8977433804388082
205,8609674,205.552697,28.345939,0.555,1.264,1.497,13.173,14.67,1.8977433804388082
208,8609677,205.561267,28.354349,0.481,0.611,0.584,13.697,14.281,1.577031701012545
31,8609677,205.561267,28.354349,0.481,0.611,0.584,13.697,14.281,1.577031701012545
250,8609726,205.523745,28.374553,0.193,0.629,1.002,12.874,13.876,1.4892556198323248
73,8609726,205.523745,28.374553,0.193,0.629,1.002,12.874,13.876,1.4892556198323248
241,8609717,205.537878,28.355077,1.268,0.863,1.003,12.696,13.699,1.474449727321837
64,8609717,205.537878,28.355077,1.268,0.863,1.003,12.696,13.699,1.474449727321837
256,8609732,205.543299,28.400686,0.557,0.975,1.229,12.586,13.816,1.4377043826881168
79,8609732,205.543299,28.400686,0.557,0.975,1.229,12.586,13.816,1.4377043826881168
209,8609678,205.569267,28.369195,0.949,0.962,1.254,12.296,13.55,1.3417520374491276
32,8609678,205.569267,28.369195,0.949,0.962,1.254,12.296,13.55,1.3417520374491276
