Zini     MH   logAge Mini        int_IMF         Mass   logL    logTe  logg  label   McoreTP C_O  period0  period1  period2  period3  period4  pmode  Mloss  tau1m   X   Y   Xc  Xn  Xo  Cexcess  Z 	 mbolmag  Umag    Bmag    Vmag    Rmag    Imag    Jmag    Hmag    Kmag
0.026915 0.28364 1.06296 0.0973237306 1.1483535767    0.097 -0.447  3.4135  2.479    0  0.000  0.545     0.00     0.00     0.00     0.00     0.00 -1 -1.06e-30      0.00 6.755e-01 2.972e-01 4.913e-03 1.325e-03 1.202e-02 -1.000 2.732e-02 5.888 11.964 11.475 10.264 8.525 6.536 3.830 3.266 2.864
0.026915 0.28364 1.06296 0.1072127670 1.2286797762    0.107 -0.330  3.4230  2.440    0  0.000  0.545     0.00     0.00     0.00     0.00     0.00 -1 -1.09e-30      0.00 6.755e-01 2.972e-01 4.913e-03 1.325e-03 1.202e-02 -1.000 2.732e-02 5.595 11.599 11.125 9.933 8.212 6.232 3.532 2.945 2.573
0.026915 0.28364 1.06296 0.1269908249 1.3637187481    0.127 -0.101  3.4458  2.377    0  0.000  0.545     0.00     0.00     0.00     0.00     0.00 -1 -1.13e-30      0.00 6.755e-01 2.972e-01 4.913e-03 1.325e-03 1.202e-02 -1.000 2.732e-02 5.022 10.831 10.371 9.261 7.596 5.639 2.967 2.265 1.991
0.026915 0.28364 1.06296 0.1467688978 1.4738562107    0.146  0.114  3.4686  2.316    0  0.000  0.545     0.00     0.00     0.00     0.00     0.00 -1  -1.2e-30      0.00 6.755e-01 2.972e-01 4.913e-03 1.325e-03 1.202e-02 -1.000 2.732e-02 4.485 10.175 9.661 8.606 6.987 5.062 2.488 1.644 1.426
0.026915 0.28364 1.06296 0.1665469706 1.5662131310    0.166  0.283  3.4849  2.266    0  0.000  0.545     0.00     0.00     0.00     0.00     0.00 -1 -1.28e-30      0.00 6.755e-01 2.972e-01 4.913e-03 1.325e-03 1.202e-02 -1.000 2.732e-02 4.061 9.691 9.086 8.024 6.439 4.559 2.120 1.208 0.997
0.026915 0.28364 1.06296 0.2061031163 1.7141827345    0.205  0.558  3.5077  2.175    0  0.000  0.545     0.00     0.00     0.00     0.00     0.00 -1 -1.44e-30      0.00 6.755e-01 2.972e-01 4.913e-03 1.325e-03 1.202e-02 -1.000 2.732e-02 3.375 8.937 8.110 7.009 5.491 3.680 1.505 0.549 0.336
0.026915 0.28364 1.06296 0.2555482686 1.8542090654    0.255  0.811  3.5263  2.090    0  0.000  0.545     0.00     0.00     0.00     0.00     0.00 -1 -1.63e-30      0.00 6.755e-01 2.972e-01 4.913e-03 1.325e-03 1.202e-02 -1.000 2.732e-02 2.742 8.215 7.054 5.873 4.492 2.781 0.931 -0.026 -0.238
0.026915 0.28364 1.06296 0.3049934506 1.9628072977    0.305  1.004  3.5382  2.022    0  0.000  0.545     0.00     0.00     0.00     0.00     0.00 -1 -1.78e-30      0.00 6.755e-01 2.972e-01 4.913e-03 1.325e-03 1.202e-02 -1.000 2.732e-02 2.260 7.645 6.249 5.053 3.792 2.126 0.480 -0.458 -0.665
0.026915 0.28364 1.06296 0.3544386327 2.0506329536    0.354  1.161  3.5462  1.963    0  0.000  0.545     0.00     0.00     0.00     0.00     0.00 -1 -1.97e-30      0.00 6.755e-01 2.972e-01 4.913e-03 1.325e-03 1.202e-02 -1.000 2.732e-02 1.867 7.153 5.630 4.408 3.230 1.628 0.106 -0.810 -1.014
0.026915 0.28364 1.06296 0.4038838446 2.1238200665    0.404  1.301  3.5514  1.901    0  0.000  0.545     0.00     0.00     0.00     0.00     0.00 -1 -2.39e-30      0.00 6.755e-01 2.972e-01 4.913e-03 1.325e-03 1.202e-02 -1.000 2.732e-02 1.517 6.713 5.131 3.876 2.748 1.215 -0.230 -1.126 -1.331
0.026915 0.28364 1.06296 0.4533289969 2.1861977577    0.453  1.411  3.5558  1.858    0  0.000  0.545     0.00     0.00     0.00     0.00     0.00 -1 -2.45e-30      0.00 6.755e-01 2.972e-01 4.913e-03 1.325e-03 1.202e-02 -1.000 2.732e-02 1.243 6.365 4.735 3.447 2.358 0.895 -0.492 -1.373 -1.577
0.026915 0.28364 1.06296 0.5027741790 2.2402958870    0.503  1.511  3.5590  1.817    0  0.000  0.545     0.00     0.00     0.00     0.00     0.00 -1 -2.67e-30      0.00 6.755e-01 2.972e-01 4.913e-03 1.325e-03 1.202e-02 -1.000 2.732e-02 0.993 6.057 4.396 3.080 2.018 0.613 -0.732 -1.600 -1.804
0.026915 0.28364 1.06296 0.5522193313 2.2854874134    0.552  1.604  3.5613  1.773    0  0.000  0.545     0.00     0.00     0.00     0.00     0.00 -1 -3.37e-30      0.00 6.755e-01 2.972e-01 4.913e-03 1.325e-03 1.202e-02 -1.000 2.732e-02 0.761 5.777 4.105 2.765 1.717 0.363 -0.956 -1.815 -2.020
0.026915 0.28364 1.06296 0.6016644239 2.3222458363    0.601  1.678  3.5637  1.746    0  0.000  0.545     0.00     0.00     0.00     0.00     0.00 -1 -3.83e-30      0.00 6.755e-01 2.972e-01 4.913e-03 1.325e-03 1.202e-02 -1.000 2.732e-02 0.575 5.547 3.860 2.499 1.466 0.161 -1.133 -1.984 -2.189
0.026915 0.28364 1.06296 0.6511096358 2.3526599407    0.651  1.747  3.5656  1.719    0  0.000  0.545     0.00     0.00     0.00     0.00     0.00 -1 -3.46e-30      0.00 6.755e-01 2.972e-01 4.913e-03 1.325e-03 1.202e-02 -1.000 2.732e-02 0.403 5.339 3.641 2.262 1.240 -0.023 -1.298 -2.141 -2.347
0.026915 0.28364 1.06296 0.7005548477 2.3781902790    0.701  1.826  3.5661  1.674    0  0.000  0.545     0.00     0.00     0.00     0.00     0.00 -1 -5.26e-30      0.00 6.755e-01 2.972e-01 4.912e-03 1.325e-03 1.202e-02 -1.000 2.732e-02 0.205 5.114 3.433 2.039 1.015 -0.221 -1.493 -2.331 -2.539
0.026915 0.28364 1.06296 0.7500000000 2.3998889923    0.750  2.221  3.5446  1.222    0  0.000  0.538     0.00     0.00     0.00     0.00     0.00 -1 -5.32e-28      0.00 6.755e-01 2.972e-01 4.848e-03 1.324e-03 1.202e-02 -1.000 2.732e-02 -0.783 4.480 3.124 1.777 0.504 -0.991 -2.548 -3.403 -3.662
0.026915 0.28364 1.06296 0.8000000715 2.4187245369    0.800  2.276  3.5455  1.199    0  0.000  0.538     0.00     0.00     0.00     0.00     0.00 -1 -3.32e-28      0.00 6.755e-01 2.972e-01 4.848e-03 1.324e-03 1.202e-02 -1.000 2.732e-02 -0.919 4.352 2.963 1.604 0.341 -1.139 -2.681 -3.534 -3.792
0.026915 0.28364 1.06296 0.8500000238 2.4350347519    0.850  2.329  3.5459  1.174    0  0.000  0.538     0.00     0.00     0.00     0.00     0.00 -1 -8.09e-28      0.00 6.755e-01 2.972e-01 4.848e-03 1.324e-03 1.202e-02 -1.000 2.732e-02 -1.053 4.233 2.821 1.452 0.194 -1.280 -2.813 -3.664 -3.923
0.026915 0.28364 1.06296 0.8999999762 2.4492788315    0.899  2.382  3.5460  1.146    0  0.000  0.538     0.00     0.00     0.00     0.00     0.00 -1  -8.5e-28      0.00 6.755e-01 2.972e-01 4.848e-03 1.324e-03 1.202e-02 -1.000 2.732e-02 -1.185 4.119 2.690 1.314 0.056 -1.414 -2.944 -3.795 -4.054
0.026915 0.28364 1.06296 0.9499999881 2.4618122578    0.950  2.426  3.5467  1.129    0  0.000  0.538     0.00     0.00     0.00     0.00     0.00 -1 -3.41e-27      0.00 6.755e-01 2.972e-01 4.848e-03 1.324e-03 1.202e-02 -1.000 2.732e-02 -1.294 4.016 2.563 1.177 -0.073 -1.533 -3.052 -3.900 -4.159
0.026915 0.28364 1.06296 1.0000000000 2.4729156494    1.000  2.466  3.5472  1.113    0  0.000  0.538     0.00     0.00     0.00     0.00     0.00 -1 -3.27e-27      0.00 6.755e-01 2.972e-01 4.848e-03 1.324e-03 1.202e-02 -1.000 2.732e-02 -1.396 3.920 2.445 1.050 -0.193 -1.643 -3.151 -3.999 -4.257
0.026915 0.28364 1.06296 1.0499999523 2.4828116894    1.050  2.508  3.5475  1.093    0  0.000  0.538     0.00     0.00     0.00     0.00     0.00 -1 -1.87e-27      0.00 6.755e-01 2.972e-01 4.848e-03 1.324e-03 1.202e-02 -1.000 2.732e-02 -1.499 3.828 2.336 0.935 -0.305 -1.751 -3.254 -4.100 -4.358
0.026915 0.28364 1.06296 1.1000000238 2.4916803837    1.099  2.548  3.5476  1.074    0  0.000  0.538     0.00     0.00     0.00     0.00     0.00 -1 -2.18e-27      0.00 6.755e-01 2.972e-01 4.848e-03 1.324e-03 1.202e-02 -1.000 2.732e-02 -1.600 3.740 2.236 0.829 -0.410 -1.853 -3.354 -4.199 -4.458
0.026915 0.28364 1.06296 1.1499999762 2.4996678829    1.149  2.584  3.5479  1.058    0  0.000  0.538     0.00     0.00     0.00     0.00     0.00 -1 -2.65e-27      0.00 6.755e-01 2.972e-01 4.848e-03 1.324e-03 1.202e-02 -1.000 2.732e-02 -1.690 3.658 2.139 0.726 -0.510 -1.948 -3.444 -4.288 -4.547
0.026915 0.28364 1.06296 1.2000000477 2.5068950653    1.200  2.620  3.5480  1.041    0  0.000  0.538     0.00     0.00     0.00     0.00     0.00 -1 -5.49e-27      0.00 6.755e-01 2.972e-01 4.848e-03 1.324e-03 1.202e-02 -1.000 2.732e-02 -1.781 3.579 2.049 0.631 -0.604 -2.040 -3.534 -4.377 -4.637
0.026915 0.28364 1.06296 1.2500000000 2.5134611130    1.250  2.654  3.5481  1.025    0  0.000  0.538     0.00     0.00     0.00     0.00     0.00 -1 -3.19e-26      0.00 6.755e-01 2.972e-01 4.848e-03 1.324e-03 1.202e-02 -1.000 2.732e-02 -1.866 3.504 1.962 0.540 -0.694 -2.128 -3.618 -4.461 -4.721
0.026915 0.28364 1.06296 1.2999999523 2.5194499493    1.300  2.682  3.5487  1.016    0  0.000  0.538     0.00     0.00     0.00     0.00     0.00 -1 -1.58e-26      0.00 6.755e-01 2.972e-01 4.848e-03 1.324e-03 1.202e-02 -1.000 2.732e-02 -1.936 3.434 1.875 0.446 -0.781 -2.206 -3.686 -4.528 -4.788
0.026915 0.28364 1.06296 1.3500000238 2.5249314308    1.350  2.720  3.5480  0.992    0  0.000  0.538     0.00     0.00     0.00     0.00     0.00 -1 -3.07e-26      0.00 6.755e-01 2.972e-01 4.848e-03 1.324e-03 1.202e-02 -1.000 2.732e-02 -2.031 3.364 1.808 0.378 -0.858 -2.293 -3.784 -4.626 -4.887
0.026915 0.28364 1.06296 1.3999999762 2.5299651623    1.400  2.751  3.5480  0.977    0  0.000  0.538     0.00     0.00     0.00     0.00     0.00 -1 -1.29e-26      0.00 6.755e-01 2.972e-01 4.848e-03 1.324e-03 1.202e-02 -1.000 2.732e-02 -2.108 3.299 1.734 0.300 -0.936 -2.370 -3.861 -4.702 -4.964
0.026915 0.28364 1.06296 1.4500000477 2.5346016884    1.450  2.778  3.5482  0.967    0  0.000  0.538     0.00     0.00     0.00     0.00     0.00 -1 -1.62e-26      0.00 6.755e-01 2.972e-01 4.848e-03 1.324e-03 1.202e-02 -1.000 2.732e-02 -2.175 3.237 1.662 0.223 -1.011 -2.441 -3.927 -4.767 -5.029
0.026915 0.28364 1.06296 1.5000000000 2.5388846397    1.500  2.804  3.5485  0.957    0  0.000  0.538     0.00     0.00     0.00     0.00     0.00 -1 -3.95e-26      0.00 6.755e-01 2.972e-01 4.848e-03 1.324e-03 1.202e-02 -1.000 2.732e-02 -2.239 3.178 1.591 0.148 -1.083 -2.509 -3.990 -4.830 -5.092
0.026915 0.28364 1.06296 1.5499999523 2.5428512096    1.550  2.830  3.5486  0.945    0  0.000  0.538     0.00     0.00     0.00     0.00     0.00 -1 -4.57e-26      0.00 6.755e-01 2.972e-01 4.848e-03 1.324e-03 1.202e-02 -1.000 2.732e-02 -2.305 3.120 1.525 0.078 -1.152 -2.576 -4.057 -4.895 -5.158
0.026915 0.28364 1.06296 1.6000001431 2.5465342999    1.600  2.854  3.5487  0.935    0  0.000  0.538     0.00     0.00     0.00     0.00     0.00 -1 -1.35e-25      0.00 6.755e-01 2.972e-01 4.848e-03 1.324e-03 1.202e-02 -1.000 2.732e-02 -2.366 3.064 1.460 0.010 -1.219 -2.640 -4.117 -4.955 -5.218
0.026915 0.28364 1.06296 1.6500000954 2.5499615669    1.649  2.876  3.5491  0.928    0  0.000  0.538     0.00     0.00     0.00     0.00     0.00 -1 -2.34e-25      0.00 6.755e-01 2.972e-01 4.848e-03 1.324e-03 1.202e-02 -1.000 2.732e-02 -2.420 3.011 1.394 -0.061 -1.285 -2.699 -4.170 -5.007 -5.269
0.026915 0.28364 1.06296 1.6749999523 2.5515873432    1.674  2.894  3.5485  0.914    0  0.000  0.538     0.00     0.00     0.00     0.00     0.00 -1 -9.38e-26      0.00 6.755e-01 2.972e-01 4.848e-03 1.324e-03 1.202e-02 -1.000 2.732e-02 -2.464 2.984 1.374 -0.079 -1.312 -2.736 -4.216 -5.054 -5.317
0.026915 0.28364 1.06296 1.7000000477 2.5531582832    1.699  2.904  3.5487  0.911    0  0.000  0.538     0.00     0.00     0.00     0.00     0.00 -1    -1e-30      0.00 6.755e-01 2.972e-01 4.848e-03 1.324e-03 1.202e-02 -1.000 2.732e-02 -2.491 2.959 1.343 -0.112 -1.343 -2.764 -4.242 -5.080 -5.343
0.026915 0.28364 1.06296 1.7250000238 2.5546767712    1.724  2.919  3.5483  0.901    0  0.000  0.538     0.00     0.00     0.00     0.00     0.00 -1    -1e-30      0.00 6.755e-01 2.972e-01 4.848e-03 1.324e-03 1.202e-02 -1.000 2.732e-02 -2.528 2.933 1.320 -0.135 -1.371 -2.798 -4.281 -5.118 -5.382
0.026915 0.28364 1.06296 1.7500000000 2.5561456680    1.749  2.930  3.5484  0.896    0  0.000  0.538     0.00     0.00     0.00     0.00     0.00 -1    -1e-30      0.00 6.755e-01 2.972e-01 4.848e-03 1.324e-03 1.202e-02 -1.000 2.732e-02 -2.556 2.908 1.291 -0.166 -1.401 -2.826 -4.308 -5.145 -5.409
0.026915 0.28364 1.06296 1.7750000954 2.5575671196    1.774  2.940  3.5485  0.893    0  0.000  0.538     0.00     0.00     0.00     0.00     0.00 -1    -1e-30      0.00 6.755e-01 2.972e-01 4.848e-03 1.324e-03 1.202e-02 -1.000 2.732e-02 -2.581 2.884 1.263 -0.196 -1.430 -2.853 -4.333 -5.170 -5.434
0.026915 0.28364 1.06296 1.7999998331 2.5589430332    1.799  2.948  3.5489  0.893    0  0.000  0.538     0.00     0.00     0.00     0.00     0.00 -1    -1e-30      0.00 6.755e-01 2.972e-01 4.848e-03 1.324e-03 1.202e-02 -1.000 2.732e-02 -2.600 2.860 1.230 -0.232 -1.461 -2.878 -4.351 -5.187 -5.451
0.026915 0.28364 1.06296 1.8250000477 2.5602757931    1.824  2.959  3.5489  0.887    0  0.000  0.538     0.00     0.00     0.00     0.00     0.00 -1    -1e-30      0.00 6.755e-01 2.972e-01 4.848e-03 1.324e-03 1.202e-02 -1.000 2.732e-02 -2.628 2.837 1.204 -0.259 -1.488 -2.905 -4.379 -5.215 -5.478
0.026915 0.28364 1.06296 1.8500000238 2.5615673065    1.849  2.974  3.5484  0.876    0  0.000  0.538     0.00     0.00     0.00     0.00     0.00 -1    -1e-30      0.00 6.755e-01 2.972e-01 4.848e-03 1.324e-03 1.202e-02 -1.000 2.732e-02 -2.666 2.813 1.185 -0.277 -1.512 -2.937 -4.419 -5.255 -5.520
0.026915 0.28364 1.06296 1.8750000000 2.5628192425    1.874  2.982  3.5487  0.875    0  0.000  0.538     0.00     0.00     0.00     0.00     0.00 -1    -1e-30      0.00 6.755e-01 2.972e-01 4.848e-03 1.324e-03 1.202e-02 -1.000 2.732e-02 -2.686 2.790 1.154 -0.310 -1.542 -2.962 -4.438 -5.273 -5.537
0.026915 0.28364 1.06296 1.8999999762 2.5640332699    1.899  2.991  3.5489  0.873    0  0.000  0.538     0.00     0.00     0.00     0.00     0.00 -1    -1e-30      0.00 6.755e-01 2.972e-01 4.848e-03 1.324e-03 1.202e-02 -1.000 2.732e-02 -2.708 2.767 1.127 -0.339 -1.569 -2.986 -4.460 -5.295 -5.559
0.026915 0.28364 1.06296 1.9249999523 2.5652110577    1.924  3.007  3.5483  0.860    0  0.000  0.538     0.00     0.00     0.00     0.00     0.00 -1    -1e-30      0.00 6.755e-01 2.972e-01 4.848e-03 1.324e-03 1.202e-02 -1.000 2.732e-02 -2.748 2.744 1.111 -0.354 -1.592 -3.019 -4.502 -5.338 -5.603
0.026915 0.28364 1.06296 1.9494019747 2.5663273335    1.949  3.011  3.5490  0.865    0  0.000  0.538     0.00     0.00     0.00     0.00     0.00 -1    -1e-30      0.00 6.755e-01 2.972e-01 4.848e-03 1.324e-03 1.202e-02 -1.000 2.732e-02 -2.756 2.724 1.076 -0.393 -1.621 -3.036 -4.507 -5.342 -5.606
0.026915 0.28364 1.06296 1.9982059002 2.5684661865    1.998  3.034  3.5486  0.852    0  0.000  0.538     0.00     0.00     0.00     0.00     0.00 -1    -1e-30      0.00 6.755e-01 2.972e-01 4.848e-03 1.324e-03 1.202e-02 -1.000 2.732e-02 -2.814 2.681 1.035 -0.434 -1.668 -3.089 -4.566 -5.401 -5.666
0.026915 0.28364 1.06296 2.0470097065 2.5704882145    2.047  3.052  3.5487  0.844    0  0.000  0.538     0.00     0.00     0.00     0.00     0.00 -1    -1e-30      0.00 6.755e-01 2.972e-01 4.848e-03 1.324e-03 1.202e-02 -1.000 2.732e-02 -2.860 2.640 0.989 -0.483 -1.717 -3.136 -4.612 -5.446 -5.712
0.026915 0.28364 1.06296 2.0958135128 2.5724022388    2.095  3.069  3.5488  0.837    0  0.000  0.538     0.00     0.00     0.00     0.00     0.00 -1    -1e-30      0.00 6.755e-01 2.972e-01 4.848e-03 1.324e-03 1.202e-02 -1.000 2.732e-02 -2.903 2.600 0.942 -0.533 -1.764 -3.182 -4.655 -5.489 -5.754
0.026915 0.28364 1.06296 2.1446175575 2.5742163658    2.143  3.092  3.5484  0.823    0  0.000  0.538     0.00     0.00     0.00     0.00     0.00 -1    -1e-30      0.00 6.755e-01 2.972e-01 4.848e-03 1.324e-03 1.202e-02 -1.000 2.732e-02 -2.959 2.561 0.906 -0.568 -1.807 -3.232 -4.713 -5.547 -5.813
0.026915 0.28364 1.06296 2.1934216022 2.5759379864    2.192  3.107  3.5486  0.818    0  0.000  0.538     0.00     0.00     0.00     0.00     0.00 -1    -1e-30      0.00 6.755e-01 2.972e-01 4.848e-03 1.324e-03 1.202e-02 -1.000 2.732e-02 -2.997 2.523 0.860 -0.617 -1.853 -3.273 -4.750 -5.583 -5.850
0.026915 0.28364 1.06296 2.2422254086 2.5775737762    2.241  3.128  3.5482  0.805    0  0.000  0.538     0.00     0.00     0.00     0.00     0.00 -1    -1e-30      0.00 6.755e-01 2.972e-01 4.848e-03 1.324e-03 1.202e-02 -1.000 2.732e-02 -3.051 2.485 0.826 -0.651 -1.893 -3.321 -4.805 -5.639 -5.906
0.026915 0.28364 1.06296 2.2910292149 2.5791296959    2.290  3.144  3.5483  0.799    0  0.000  0.538     0.00     0.00     0.00     0.00     0.00 -1    -1e-30      0.00 6.755e-01 2.972e-01 4.848e-03 1.324e-03 1.202e-02 -1.000 2.732e-02 -3.090 2.449 0.784 -0.695 -1.936 -3.362 -4.844 -5.677 -5.945
0.026915 0.28364 1.06296 2.3886370659 2.5820231438    2.387  3.175  3.5484  0.786    0  0.000  0.538     0.00     0.00     0.00     0.00     0.00 -1    -1e-30      0.00 6.755e-01 2.972e-01 4.848e-03 1.324e-03 1.202e-02 -1.000 2.732e-02 -3.168 2.379 0.705 -0.778 -2.018 -3.442 -4.922 -5.754 -6.022
0.026915 0.28364 1.06296 2.5838525295 2.5870633125    2.583  3.238  3.5481  0.756    0  0.000  0.538     0.00     0.00     0.00     0.00     0.00 -1    -1e-30      0.00 6.755e-01 2.972e-01 4.848e-03 1.324e-03 1.202e-02 -1.000 2.732e-02 -3.326 2.248 0.564 -0.924 -2.169 -3.597 -5.081 -5.913 -6.182
0.026915 0.28364 1.06296 2.7790682316 2.5912981033    2.779  3.289  3.5485  0.739    0  0.000  0.538     0.00     0.00     0.00     0.00     0.00 -1    -1e-30      0.00 6.755e-01 2.972e-01 4.848e-03 1.324e-03 1.202e-02 -1.000 2.732e-02 -3.454 2.128 0.425 -1.072 -2.311 -3.732 -5.208 -6.038 -6.307
0.026915 0.28364 1.06296 2.9742839336 2.5948998928    2.974  3.346  3.5480  0.709    0  0.000  0.538     0.00     0.00     0.00     0.00     0.00 -1    -1e-30      0.00 6.755e-01 2.972e-01 4.848e-03 1.324e-03 1.202e-02 -1.000 2.732e-02 -3.596 2.015 0.309 -1.190 -2.439 -3.868 -5.352 -6.182 -6.453
0.026915 0.28364 1.06296 3.1694996357 2.5979962349    3.168  3.394  3.5480  0.689    0  0.000  0.538     0.00     0.00     0.00     0.00     0.00 -1    -1e-30      0.00 6.755e-01 2.972e-01 4.848e-03 1.324e-03 1.202e-02 -1.000 2.732e-02 -3.715 1.911 0.193 -1.311 -2.560 -3.988 -5.471 -6.300 -6.572
0.026915 0.28364 1.06296 3.3647150993 2.6006832123    3.362  3.438  3.5481  0.671    0  0.000  0.538     0.00     0.00     0.00     0.00     0.00 -1    -1e-30      0.00 6.755e-01 2.972e-01 4.848e-03 1.324e-03 1.202e-02 -1.000 2.732e-02 -3.825 1.813 0.084 -1.425 -2.673 -4.100 -5.581 -6.409 -6.681
0.026915 0.28364 1.06296 3.5599303246 2.6030342579    3.557  3.482  3.5479  0.650    0  0.000  0.538     0.00     0.00     0.00     0.00     0.00 -1    -1e-30      0.00 6.755e-01 2.972e-01 4.848e-03 1.324e-03 1.202e-02 -1.000 2.732e-02 -3.936 1.721 -0.013 -1.526 -2.778 -4.208 -5.693 -6.520 -6.793
0.026915 0.28364 1.06296 3.7551460266 2.6051061153    3.752  3.519  3.5481  0.637    0  0.000  0.538     0.00     0.00     0.00     0.00     0.00 -1    -1e-30      0.00 6.755e-01 2.972e-01 4.848e-03 1.324e-03 1.202e-02 -1.000 2.732e-02 -4.029 1.635 -0.112 -1.629 -2.879 -4.305 -5.785 -6.612 -6.885
0.026915 0.28364 1.06296 3.9503617287 2.6069445610    3.949  3.557  3.5480  0.621    0  0.000  0.538     0.00     0.00     0.00     0.00     0.00 -1    -1e-30      0.00 6.755e-01 2.972e-01 4.848e-03 1.324e-03 1.202e-02 -1.000 2.732e-02 -4.123 1.554 -0.201 -1.721 -2.972 -4.399 -5.880 -6.706 -6.980
0.026915 0.28364 1.06296 4.1455774307 2.6085851192    4.143  3.598  3.5473  0.598    0  0.000  0.538     0.00     0.00     0.00     0.00     0.00 -1    -1e-30      0.00 6.755e-01 2.972e-01 4.848e-03 1.324e-03 1.202e-02 -1.000 2.732e-02 -4.226 1.476 -0.274 -1.794 -3.056 -4.494 -5.986 -6.812 -7.087
0.026915 0.28364 1.06296 4.3407931328 2.6100573540    4.337  3.634  3.5472  0.582    0  0.000  0.538     0.00     0.00     0.00     0.00     0.00 -1    -1e-30      0.00 6.755e-01 2.972e-01 4.848e-03 1.324e-03 1.202e-02 -1.000 2.732e-02 -4.315 1.402 -0.354 -1.877 -3.141 -4.582 -6.075 -6.901 -7.177
0.026915 0.28364 1.06296 4.5360088348 2.6113846302    4.532  3.665  3.5474  0.571    0  0.000  0.538     0.00     0.00     0.00     0.00     0.00 -1    -1e-30      0.00 6.755e-01 2.972e-01 4.848e-03 1.324e-03 1.202e-02 -1.000 2.732e-02 -4.392 1.330 -0.435 -1.963 -3.225 -4.662 -6.152 -6.977 -7.254
0.026915 0.28364 1.06296 4.7312240601 2.6125869751    4.728  3.697  3.5473  0.557    0  0.000  0.538     0.00     0.00     0.00     0.00     0.00 -1    -1e-30      0.00 6.755e-01 2.972e-01 4.848e-03 1.324e-03 1.202e-02 -1.000 2.732e-02 -4.471 1.263 -0.508 -2.038 -3.302 -4.740 -6.232 -7.056 -7.333
0.026915 0.28364 1.06296 4.9264397621 2.6136801243    4.923  3.724  3.5475  0.548    0  0.000  0.538     0.00     0.00     0.00     0.00     0.00 -1    -1e-30      0.00 6.755e-01 2.972e-01 4.848e-03 1.324e-03 1.202e-02 -1.000 2.732e-02 -4.540 1.198 -0.584 -2.118 -3.379 -4.813 -6.300 -7.123 -7.400
0.026915 0.28364 1.06296 5.1216549873 2.6146781445    5.119  3.752  3.5476  0.538    0  0.000  0.538     0.00     0.00     0.00     0.00     0.00 -1    -1e-30      0.00 6.755e-01 2.972e-01 4.848e-03 1.324e-03 1.202e-02 -1.000 2.732e-02 -4.609 1.136 -0.653 -2.190 -3.450 -4.883 -6.369 -7.192 -7.468
0.026915 0.28364 1.06296 5.3168711662 2.6155922413    5.315  3.783  3.5470  0.520    0  0.000  0.538     0.00     0.00     0.00     0.00     0.00 -1    -1e-30      0.00 6.755e-01 2.972e-01 4.848e-03 1.324e-03 1.202e-02 -1.000 2.732e-02 -4.688 1.077 -0.706 -2.243 -3.512 -4.955 -6.450 -7.273 -7.551
0.026915 0.28364 1.06296 5.5120863914 2.6164324284    5.510  3.810  3.5469  0.509    0  0.000  0.538     0.00     0.00     0.00     0.00     0.00 -1    -1e-30      0.00 6.755e-01 2.972e-01 4.848e-03 1.324e-03 1.202e-02 -1.000 2.732e-02 -4.754 1.020 -0.768 -2.307 -3.577 -5.021 -6.517 -7.340 -7.618
0.026915 0.28364 1.06296 5.7073025703 2.6172068119    5.706  3.833  3.5471  0.501    0  0.000  0.538     0.00     0.00     0.00     0.00     0.00 -1    -1e-30      0.00 6.755e-01 2.972e-01 4.848e-03 1.324e-03 1.202e-02 -1.000 2.732e-02 -4.813 0.965 -0.831 -2.374 -3.642 -5.083 -6.575 -7.398 -7.676
0.026915 0.28364 1.06296 5.9025173187 2.6179225445    5.901  3.861  3.5467  0.487    0  0.000  0.538     0.00     0.00     0.00     0.00     0.00 -1    -1e-30      0.00 6.755e-01 2.972e-01 4.848e-03 1.324e-03 1.202e-02 -1.000 2.732e-02 -4.883 0.912 -0.882 -2.425 -3.699 -5.148 -6.646 -7.469 -7.749
0.026915 0.28364 1.06296 6.0977330208 2.6185858250    6.095  3.881  3.5471  0.482    0  0.000  0.538     0.00     0.00     0.00     0.00     0.00 -1    -1e-30      0.00 6.755e-01 2.972e-01 4.848e-03 1.324e-03 1.202e-02 -1.000 2.732e-02 -4.933 0.861 -0.945 -2.492 -3.762 -5.202 -6.695 -7.516 -7.796
0.026915 0.28364 1.06296 6.2929491997 2.6192021370    6.290  3.902  3.5473  0.476    0  0.000  0.538     0.00     0.00     0.00     0.00     0.00 -1    -1e-30      0.00 6.755e-01 2.972e-01 4.848e-03 1.324e-03 1.202e-02 -1.000 2.732e-02 -4.985 0.811 -1.003 -2.553 -3.820 -5.258 -6.747 -7.568 -7.847
0.026915 0.28364 1.06296 6.4856247902 2.6197686195    6.478  3.925  3.5471  0.465    0  0.000  0.538     0.00     0.00     0.00     0.00     0.00 -1    -1e-30      0.00 6.755e-01 2.972e-01 4.848e-03 1.324e-03 1.202e-02 -1.000 2.732e-02 -5.042 0.764 -1.051 -2.602 -3.873 -5.313 -6.805 -7.625 -7.905
0.026915 0.28364 1.06296 6.6783018112 2.6202979088    6.669  3.946  3.5471  0.456    0  0.000  0.538     0.00     0.00     0.00     0.00     0.00 -1    -1e-30      0.00 6.755e-01 2.972e-01 4.848e-03 1.324e-03 1.202e-02 -1.000 2.732e-02 -5.096 0.718 -1.100 -2.653 -3.925 -5.367 -6.859 -7.679 -7.959
0.026915 0.28364 1.06296 7.0916938782 2.6213223934    7.077  3.991  3.5469  0.436    0  0.000  0.538     0.00     0.00     0.00     0.00     0.00 -1    -1e-30      0.00 6.755e-01 2.972e-01 4.848e-03 1.324e-03 1.202e-02 -1.000 2.732e-02 -5.207 0.624 -1.198 -2.755 -4.031 -5.476 -6.972 -7.791 -8.072
0.026915 0.28364 1.06296 7.2563304901 2.6216931343    7.240  4.008  3.5468  0.429    0  0.000  0.538     0.00     0.00     0.00     0.00     0.00 -1    -1e-30      0.00 6.755e-01 2.972e-01 4.848e-03 1.324e-03 1.202e-02 -1.000 2.732e-02 -5.251 0.588 -1.235 -2.793 -4.071 -5.518 -7.015 -7.834 -8.116
0.026915 0.28364 1.06296 7.8126473427 2.6228144169    7.799  4.061  3.5468  0.409    0  0.000  0.538     0.00     0.00     0.00     0.00     0.00 -1    -1e-30      0.00 6.755e-01 2.972e-01 4.848e-03 1.324e-03 1.202e-02 -1.000 2.732e-02 -5.382 0.472 -1.363 -2.926 -4.205 -5.651 -7.147 -7.965 -8.247
0.026915 0.28364 1.06296 8.2197113037 2.6235251427    8.208  4.098  3.5468  0.393    0  0.000  0.538     0.00     0.00     0.00     0.00     0.00 -1    -1e-30      0.00 6.755e-01 2.972e-01 4.848e-03 1.324e-03 1.202e-02 -1.000 2.732e-02 -5.475 0.392 -1.449 -3.015 -4.296 -5.744 -7.241 -8.058 -8.341
0.026915 0.28364 1.06296 8.9520235062 2.6246185303    8.939  4.158  3.5469  0.370    0  0.000  0.538     0.00     0.00     0.00     0.00     0.00 -1    -1e-30      0.00 6.755e-01 2.972e-01 4.848e-03 1.324e-03 1.202e-02 -1.000 2.732e-02 -5.626 0.257 -1.597 -3.170 -4.451 -5.898 -7.393 -8.208 -8.491
0.026915 0.28364 1.06296 9.1830930710 2.6249222755    9.170  4.177  3.5469  0.363    0  0.000  0.538     0.00     0.00     0.00     0.00     0.00 -1    -1e-30      0.00 6.755e-01 2.972e-01 4.848e-03 1.324e-03 1.202e-02 -1.000 2.732e-02 -5.672 0.217 -1.641 -3.215 -4.497 -5.944 -7.439 -8.254 -8.538
0.026915 0.28364 1.06296 9.4412765503 2.6252415180    9.430  4.195  3.5470  0.358    0  0.000  0.538     0.00     0.00     0.00     0.00     0.00 -1    -1e-30      0.00 6.755e-01 2.972e-01 4.848e-03 1.324e-03 1.202e-02 -1.000 2.732e-02 -5.718 0.173 -1.691 -3.268 -4.548 -5.992 -7.484 -8.298 -8.582
0.026915 0.28364 1.06296 10.1464748383 2.6260190010   10.139  4.243  3.5473  0.342    0  0.000  0.538     0.00     0.00     0.00     0.00     0.00 -1    -1e-30      0.00 6.755e-01 2.972e-01 4.848e-03 1.324e-03 1.202e-02 -1.000 2.732e-02 -5.838 0.061 -1.818 -3.402 -4.679 -6.117 -7.604 -8.417 -8.701
0.026915 0.28364 1.06296 10.5906171799 2.6264479160   10.586  4.273  3.5474  0.331    0  0.000  0.538     0.00     0.00     0.00     0.00     0.00 -1    -1e-30      0.00 6.755e-01 2.972e-01 4.848e-03 1.324e-03 1.202e-02 -1.000 2.732e-02 -5.913 -0.006 -1.893 -3.480 -4.757 -6.193 -7.679 -8.491 -8.775
0.026915 0.28364 1.06296 11.1098556519 2.6268997192   11.107  4.307  3.5475  0.318    0  0.000  0.538     0.00     0.00     0.00     0.00     0.00 -1    -1e-30      0.00 6.755e-01 2.972e-01 4.848e-03 1.324e-03 1.202e-02 -1.000 2.732e-02 -5.998 -0.082 -1.975 -3.566 -4.843 -6.279 -7.764 -8.575 -8.859
0.026915 0.28364 1.06296 11.7467212677 2.6273918152   11.743  4.349  3.5473  0.300    0  0.000  0.538     0.00     0.00     0.00     0.00     0.00 -1    -1e-30      0.00 6.755e-01 2.972e-01 4.850e-03 1.324e-03 1.202e-02 -1.000 2.732e-02 -6.102 -0.169 -2.067 -3.660 -4.942 -6.382 -7.870 -8.680 -8.966
0.026915 0.28364 1.06296 12.0732374191 2.6276209354   12.068  4.370  3.5471  0.291    0  0.000  0.538     0.00     0.00     0.00     0.00     0.00 -1    -1e-30      0.00 6.755e-01 2.972e-01 4.851e-03 1.324e-03 1.202e-02 -1.000 2.732e-02 -6.154 -0.212 -2.112 -3.707 -4.990 -6.432 -7.922 -8.732 -9.018
0.026915 0.28364 1.06296 12.7252912521 2.6280384064   12.719  4.405  3.5474  0.279    0  0.000  0.540     0.00     0.00     0.00     0.00     0.00 -1    -1e-30      0.00 6.755e-01 2.972e-01 4.873e-03 1.325e-03 1.202e-02 -1.000 2.732e-02 -6.243 -0.295 -2.206 -3.806 -5.087 -6.524 -8.010 -8.819 -9.105
0.026915 0.28364 1.06296 14.0000000000 2.6287269592   13.992  4.471  3.5477  0.256    0  0.000  0.545     0.00     0.00     0.00     0.00     0.00 -1    -1e-30      0.00 6.755e-01 2.972e-01 4.913e-03 1.325e-03 1.202e-02 -1.000 2.732e-02 -6.407 -0.445 -2.374 -3.982 -5.261 -6.693 -8.175 -8.982 -9.268
0.026915 0.28364 1.06296 16.0000000000 2.6295573711   16.002  4.584  3.5457  0.193    0  0.000  0.545     0.00     0.00     0.00     0.00     0.00 -1    -1e-30      0.00 6.755e-01 2.972e-01 4.913e-03 1.325e-03 1.202e-02 -1.000 2.732e-02 -6.691 -0.657 -2.569 -4.177 -5.486 -6.955 -8.466 -9.274 -9.565
0.026915 0.28364 1.06296 18.0000000000 2.6301794052   17.990  4.637  3.5493  0.205    0  0.000  0.545     0.00     0.00     0.00     0.00     0.00 -1    -1e-30      0.00 6.755e-01 2.972e-01 4.913e-03 1.325e-03 1.202e-02 -1.000 2.732e-02 -6.822 -0.839 -2.831 -4.465 -5.726 -7.130 -8.586 -9.387 -9.673
0.026915 0.28364 1.06296 19.1063232422 2.6304597855   19.099  4.681  3.5491  0.186    0  0.000  0.545     0.00     0.00     0.00     0.00     0.00 -1    -1e-30      0.00 6.755e-01 2.972e-01 4.913e-03 1.325e-03 1.202e-02 -1.000 2.732e-02 -6.934 -0.934 -2.932 -4.569 -5.834 -7.240 -8.699 -9.499 -9.785
0.026915 0.28364 1.06296 20.0000000000 2.6306605339   19.997  4.716  3.5489  0.170    0  0.000  0.545     0.00     0.00     0.00     0.00     0.00 -1    -1e-30      0.00 6.755e-01 2.972e-01 4.913e-03 1.325e-03 1.202e-02 -1.000 2.732e-02 -7.021 -1.007 -3.007 -4.647 -5.915 -7.326 -8.787 -9.586 -9.874
0.026915 0.28364 1.06296 24.0000000000 2.6313521862   24.000  4.844  3.5494  0.124    0  0.000  0.545     0.00     0.00     0.00     0.00     0.00 -1    -1e-30      0.00 6.755e-01 2.972e-01 4.913e-03 1.325e-03 1.202e-02 -1.000 2.732e-02 -7.339 -1.295 -3.329 -4.984 -6.250 -7.651 -9.105 -9.901 -10.189
0.026915 0.28364 1.06296 30.0000000000 2.6320033073   29.984  5.023  3.5707  0.126    0  0.000  0.545     0.00     0.00     0.00     0.00     0.00 -1    -1e-30      0.00 6.755e-01 2.972e-01 4.913e-03 1.325e-03 1.202e-02 -1.000 2.732e-02 -7.789 -2.001 -4.373 -6.140 -7.212 -8.251 -9.497 -10.234 -10.498
0.026915 0.28364 1.06296 35.0000000000 2.6323544979   34.979  5.127  3.5726  0.097    0  0.000  0.545     0.00     0.00     0.00     0.00     0.00 -1    -1e-30      0.00 6.755e-01 2.972e-01 4.913e-03 1.325e-03 1.202e-02 -1.000 2.732e-02 -8.047 -2.260 -4.662 -6.439 -7.502 -8.517 -9.752 -10.482 -10.744
0.026915 0.28364 1.06296 40.0000000000 2.6326069832   39.993  5.215  3.5744  0.075    0  0.000  0.545     0.00     0.00     0.00     0.00     0.00 -1    -1e-30      0.00 6.755e-01 2.972e-01 4.913e-03 1.325e-03 1.202e-02 -1.000 2.732e-02 -8.267 -2.485 -4.914 -6.700 -7.753 -8.745 -9.969 -10.692 -10.953
0.026915 0.28364 1.06296 45.0000000000 2.6327958107   44.931  5.286  3.5766  0.063    0  0.000  0.545     0.00     0.00     0.00     0.00     0.00 -1    -1e-30      0.00 6.755e-01 2.972e-01 4.913e-03 1.325e-03 1.202e-02 -1.000 2.732e-02 -8.444 -2.680 -5.134 -6.925 -7.967 -8.932 -10.141 -10.857 -11.116
0.026915 0.28364 1.06296 50.0000000000 2.6329421997   49.996  5.351  3.5786  0.052    0  0.000  0.545     0.00     0.00     0.00     0.00     0.00 -1    -1e-30      0.00 6.755e-01 2.972e-01 4.913e-03 1.325e-03 1.202e-02 -1.000 2.732e-02 -8.608 -2.861 -5.337 -7.134 -8.165 -9.105 -10.301 -11.010 -11.267
0.026915 0.28364 1.06296 51.1790046692 2.6329717636   51.168  5.366  3.5790  0.049    0  0.000  0.545     0.00     0.00     0.00     0.00     0.00 -1    -1e-30      0.00 6.755e-01 2.972e-01 4.913e-03 1.325e-03 1.202e-02 -1.000 2.732e-02 -8.645 -2.901 -5.382 -7.180 -8.209 -9.144 -10.337 -11.045 -11.301
0.026915 0.28364 1.06296 55.0000038147 2.6330580711   54.971  5.412  3.5802  0.039    0  0.000  0.545     0.00     0.00     0.00     0.00     0.00 -1    -1e-30      0.00 6.755e-01 2.972e-01 4.913e-03 1.325e-03 1.202e-02 -1.000 2.732e-02 -8.760 -3.023 -5.519 -7.321 -8.344 -9.264 -10.450 -11.153 -11.409
0.026915 0.28364 1.06296 60.0000000000 2.6331522465   59.968  5.469  3.5816  0.025    0  0.000  0.545     0.00     0.00     0.00     0.00     0.00 -1    -1e-30      0.00 6.755e-01 2.972e-01 4.913e-03 1.325e-03 1.202e-02 -1.000 2.732e-02 -8.903 -3.177 -5.685 -7.488 -8.505 -9.411 -10.590 -11.288 -11.542
0.026915 0.28364 1.06296 65.0000000000 2.6332299709   64.993  5.537  3.5816 -0.008    0  0.000  0.545     0.00     0.00     0.00     0.00     0.00 -1    -1e-30      0.00 6.755e-01 2.972e-01 4.913e-03 1.325e-03 1.202e-02 -1.000 2.732e-02 -9.073 -3.320 -5.845 -7.656 -8.675 -9.582 -10.762 -11.457 -11.713
0.026915 0.28364 1.06296 70.0000000000 2.6332950592   69.957  5.593  3.5823 -0.029    0  0.000  0.545     0.00     0.00     0.00     0.00     0.00 -1    -1e-30      0.00 6.755e-01 2.972e-01 4.913e-03 1.325e-03 1.202e-02 -1.000 2.732e-02 -9.212 -3.458 -5.993 -7.807 -8.824 -9.725 -10.901 -11.593 -11.848
0.026915 0.28364 1.06296 75.0000000000 2.6333501339   74.919  5.591  3.5883  0.027    0  0.000  0.545     0.00     0.00     0.00     0.00     0.00 -1    -1e-30      0.00 6.755e-01 2.972e-01 4.913e-03 1.325e-03 1.202e-02 -1.000 2.732e-02 -9.207 -3.588 -6.114 -7.912 -8.895 -9.740 -10.881 -11.557 -11.803
0.026915 0.28364 1.06296 80.0000000000 2.6333973408   79.986  5.652  3.5881 -0.006    0  0.000  0.545     0.00     0.00     0.00     0.00     0.00 -1    -1e-30      0.00 6.755e-01 2.972e-01 4.913e-03 1.325e-03 1.202e-02 -1.000 2.732e-02 -9.359 -3.713 -6.254 -8.058 -9.044 -9.891 -11.035 -11.710 -11.957
0.026915 0.28364 1.06296 90.0000000000 2.6334741116   90.015  5.711  3.5933  0.007    0  0.000  0.545     0.00     0.00     0.00     0.00     0.00 -1    -1e-30      0.00 6.755e-01 2.972e-01 4.913e-03 1.325e-03 1.202e-02 -1.000 2.732e-02 -9.507 -3.957 -6.496 -8.289 -9.250 -10.056 -11.173 -11.831 -12.072
0.026915 0.28364 1.06296 95.0000000000 2.6335055828   95.010  5.752  3.5946 -0.006    0  0.000  0.545     0.00     0.00     0.00     0.00     0.00 -1    -1e-30      0.00 6.755e-01 2.972e-01 4.913e-03 1.325e-03 1.202e-02 -1.000 2.732e-02 -9.611 -4.078 -6.620 -8.411 -9.368 -10.165 -11.275 -11.928 -12.168
0.026915 0.28364 1.06296 100.0000000000 2.6335334778   99.992  5.775  3.5977  0.005    0  0.000  0.545     0.00     0.00     0.00     0.00     0.00 -1    -1e-30      0.00 6.755e-01 2.972e-01 4.913e-03 1.325e-03 1.202e-02 -1.000 2.732e-02 -9.668 -4.196 -6.733 -8.515 -9.457 -10.232 -11.326 -11.970 -12.205
0.026915 0.28364 1.06296 120.0000000000 2.6336188316  119.936  5.894  3.6077  0.006    0  0.000  0.545     0.00     0.00     0.00     0.00     0.00 -1    -1e-30      0.00 6.755e-01 2.972e-01 4.913e-03 1.325e-03 1.202e-02 -1.000 2.732e-02 -9.965 -4.700 -7.195 -8.945 -9.844 -10.559 -11.605 -12.217 -12.439
0.026915 0.28364 1.06296 150.0000000000 2.6336188316  149.926  6.067  3.6212 -0.016    0  0.000  0.545     0.00     0.00     0.00     0.00     0.00 -1    -1e-30      0.00 6.755e-01 2.972e-01 4.913e-03 1.325e-03 1.202e-02 -1.000 2.732e-02 -10.397 -5.453 -7.835 -9.533 -10.378 -11.029 -12.013 -12.583 -12.788
0.026915 0.28364 1.06296 200.0000152588 2.6336188316  199.984  6.258  3.6425  0.003    0  0.000  0.545     0.00     0.00     0.00     0.00     0.00 -1    -1e-30      0.00 6.755e-01 2.972e-01 4.913e-03 1.325e-03 1.202e-02 -1.000 2.732e-02 -10.874 -6.540 -8.624 -10.216 -10.985 -11.559 -12.448 -12.959 -13.135
0.026915 0.28364 1.06296 250.0000000000 2.6336188316  249.941  6.413  3.6573  0.004    0  0.000  0.545     0.00     0.00     0.00     0.00     0.00 -1    -1e-30      0.00 6.755e-01 2.972e-01 4.913e-03 1.325e-03 1.202e-02 -1.000 2.732e-02 -11.263 -7.370 -9.216 -10.727 -11.449 -11.980 -12.803 -13.280 -13.434
0.026915 0.28364 1.06296 300.0000305176 2.6336188316  299.852  6.528  3.6707  0.021    0  0.000  0.545     0.00     0.00     0.00     0.00     0.00 -1    -1e-30      0.00 6.755e-01 2.972e-01 4.913e-03 1.325e-03 1.202e-02 -1.000 2.732e-02 -11.551 -8.132 -9.684 -11.094 -11.781 -12.287 -13.047 -13.515 -13.641
0.026915 0.28364 1.06296 350.0000000000 2.6336188316  350.039  6.631  3.6802  0.024    0  0.000  0.545     0.00     0.00     0.00     0.00     0.00 -1    -1e-30      0.00 6.755e-01 2.972e-01 4.913e-03 1.325e-03 1.202e-02 -1.000 2.732e-02 -11.808 -8.694 -10.065 -11.401 -12.062 -12.555 -13.267 -13.729 -13.836
0.026915 0.28364 1.06296 350.0003662109 2.6336188316  350.039  6.624  3.6815  0.036    0  0.000  0.545     0.00     0.00     0.00     0.00     0.00 -1    -1e-30      0.00 6.755e-01 2.972e-01 4.913e-03 1.325e-03 1.202e-02 -1.000 2.732e-02 -11.790 -8.711 -10.063 -11.389 -12.047 -12.538 -13.244 -13.705 -13.809
0.026915 0.28364 1.06296 350.0019531250 2.6336188316  350.043  6.591  3.6876  0.094    0  0.000  0.545     0.00     0.00     0.00     0.00     0.00 -1    -1e-30      0.00 6.755e-01 2.972e-01 4.913e-03 1.325e-03 1.202e-02 -1.000 2.732e-02 -11.708 -8.770 -10.052 -11.337 -11.979 -12.461 -13.139 -13.590 -13.686
0.026915 0.28364 1.06296 350.0032653809 2.6336188316  350.043  6.561  3.6933  0.147    0  0.000  0.545     0.00     0.00     0.00     0.00     0.00 -1    -1e-30      0.00 6.755e-01 2.972e-01 4.913e-03 1.325e-03 1.202e-02 -1.000 2.732e-02 -11.632 -8.835 -10.050 -11.295 -11.918 -12.388 -13.042 -13.481 -13.572
0.026915 0.28364 1.06296 350.0045776367 2.6336188316  350.043  6.528  3.6996  0.204    0  0.000  0.545     0.00     0.00     0.00     0.00     0.00 -1    -1e-30      0.00 6.755e-01 2.972e-01 4.913e-03 1.325e-03 1.202e-02 -1.000 2.732e-02 -11.551 -8.908 -10.049 -11.251 -11.852 -12.310 -12.937 -13.362 -13.448
0.026915 0.28364 1.06296 350.0056762695 2.6336188316  350.047  6.499  3.7055  0.257    0  0.000  0.545     0.00     0.00     0.00     0.00     0.00 -1    -1e-30      0.00 6.755e-01 2.972e-01 4.913e-03 1.325e-03 1.202e-02 -1.000 2.732e-02 -11.478 -8.974 -10.050 -11.210 -11.791 -12.237 -12.841 -13.252 -13.334
0.026915 0.28364 1.06296 350.0066528320 2.6336188316  350.047  6.473  3.7111  0.305    0  0.000  0.545     0.00     0.00     0.00     0.00     0.00 -1    -1e-30      0.00 6.755e-01 2.972e-01 4.913e-03 1.325e-03 1.202e-02 -1.000 2.732e-02 -11.413 -9.038 -10.055 -11.175 -11.738 -12.172 -12.754 -13.151 -13.231
0.026915 0.28364 1.06296 350.0075683594 2.6336188316  350.047  6.449  3.7169  0.352    0  0.000  0.545     0.00     0.00     0.00     0.00     0.00 -1    -1e-30      0.00 6.755e-01 2.972e-01 4.913e-03 1.325e-03 1.202e-02 -1.000 2.732e-02 -11.353 -9.107 -10.064 -11.144 -11.687 -12.109 -12.670 -13.052 -13.130
0.026915 0.28364 1.06296 350.0086669922 2.6336188316  350.051  6.422  3.7247  0.410    0  0.000  0.545     0.00     0.00     0.00     0.00     0.00 -1    -1e-30      0.00 6.755e-01 2.972e-01 4.913e-03 1.325e-03 1.202e-02 -1.000 2.732e-02 -11.286 -9.208 -10.088 -11.114 -11.631 -12.037 -12.570 -12.933 -13.008
0.026915 0.28364 1.06296 350.0096130371 2.6336188316  350.051  6.408  3.7332  0.459    0  0.000  0.545     0.00     0.00     0.00     0.00     0.00 -1    -1e-30      0.00 6.755e-01 2.972e-01 4.913e-03 1.325e-03 1.202e-02 -1.000 2.732e-02 -11.250 -9.340 -10.147 -11.115 -11.605 -11.993 -12.498 -12.838 -12.911
0.026915 0.28364 1.06296 350.0104064941 2.6336188316  350.051  6.407  3.7430  0.499    0  0.000  0.545     0.00     0.00     0.00     0.00     0.00 -1    -1e-30      0.00 6.755e-01 2.972e-01 4.913e-03 1.325e-03 1.202e-02 -1.000 2.732e-02 -11.247 -9.508 -10.248 -11.151 -11.610 -11.977 -12.452 -12.767 -12.837
0.026915 0.28364 1.06296 350.0112609863 2.6336188316  350.051  6.410  3.7545  0.543    0  0.000  0.545     0.00     0.00     0.00     0.00     0.00 -1    -1e-30      0.00 6.755e-01 2.972e-01 4.913e-03 1.325e-03 1.202e-02 -1.000 2.732e-02 -11.254 -9.715 -10.379 -11.201 -11.622 -11.962 -12.402 -12.688 -12.753
0.026915 0.28364 1.06296 350.0119934082 2.6336188316  350.055  6.416  3.7647  0.577    0  0.000  0.545     0.00     0.00     0.00     0.00     0.00 -1    -1e-30      0.00 6.755e-01 2.972e-01 4.913e-03 1.325e-03 1.202e-02 -1.000 2.732e-02 -11.269 -9.901 -10.503 -11.250 -11.637 -11.953 -12.363 -12.625 -12.686
0.026915 0.28364 1.06296 350.0126342773 2.6336188316  350.055  6.425  3.7736  0.604    0  0.000  0.545     0.00     0.00     0.00     0.00     0.00 -1    -1e-30      0.00 6.755e-01 2.972e-01 4.913e-03 1.325e-03 1.202e-02 -1.000 2.732e-02 -11.292 -10.064 -10.617 -11.299 -11.656 -11.951 -12.336 -12.577 -12.635
0.026915 0.28364 1.06296 350.0133056641 2.6336188316  350.055  6.440  3.7831  0.626    0  0.000  0.545     0.00     0.00     0.00     0.00     0.00 -1    -1e-30      0.00 6.755e-01 2.972e-01 4.913e-03 1.325e-03 1.202e-02 -1.000 2.732e-02 -11.330 -10.247 -10.750 -11.362 -11.687 -11.959 -12.319 -12.539 -12.593
0.026915 0.28364 1.06296 350.0139160156 2.6336188316  350.055  6.461  3.7913  0.638    0  0.000  0.545     0.00     0.00     0.00     0.00     0.00 -1    -1e-30      0.00 6.755e-01 2.972e-01 4.913e-03 1.325e-03 1.202e-02 -1.000 2.732e-02 -11.383 -10.416 -10.882 -11.431 -11.729 -11.983 -12.322 -12.525 -12.576
0.026915 0.28364 1.06296 350.0144958496 2.6336188316  350.059  6.487  3.7977  0.638    0  0.000  0.545     0.00     0.00     0.00     0.00     0.00 -1    -1e-30      0.00 6.755e-01 2.972e-01 4.913e-03 1.325e-03 1.202e-02 -1.000 2.732e-02 -11.449 -10.568 -11.007 -11.508 -11.786 -12.026 -12.349 -12.538 -12.586
0.026915 0.28364 1.06296 350.0150756836 2.6336188316  350.059  6.519  3.8018  0.622    0  0.000  0.545     0.00     0.00     0.00     0.00     0.00 -1    -1e-30      0.00 6.755e-01 2.972e-01 4.913e-03 1.325e-03 1.202e-02 -1.000 2.732e-02 -11.528 -10.698 -11.123 -11.594 -11.858 -12.090 -12.402 -12.584 -12.631
0.026915 0.28364 1.06296 350.0156250000 2.6336188316  350.059  6.556  3.8020  0.586    0  0.000  0.545     0.00     0.00     0.00     0.00     0.00 -1    -1e-30      0.00 6.755e-01 2.972e-01 4.913e-03 1.325e-03 1.202e-02 -1.000 2.732e-02 -11.620 -10.793 -11.220 -11.687 -11.950 -12.181 -12.492 -12.672 -12.719
0.026915 0.28364 1.06296 350.0160827637 2.6336188316  350.059  6.589  3.7988  0.540    0  0.000  0.545     0.00     0.00     0.00     0.00     0.00 -1    -1e-30      0.00 6.755e-01 2.972e-01 4.913e-03 1.325e-03 1.202e-02 -1.000 2.732e-02 -11.703 -10.833 -11.276 -11.767 -12.039 -12.276 -12.595 -12.780 -12.828
0.026915 0.28364 1.06296 350.0164794922 2.6336188316  350.055  6.619  3.7930  0.487    0  0.000  0.545     0.00     0.00     0.00     0.00     0.00 -1    -1e-30      0.00 6.755e-01 2.972e-01 4.913e-03 1.325e-03 1.202e-02 -1.000 2.732e-02 -11.778 -10.826 -11.298 -11.833 -12.123 -12.372 -12.705 -12.900 -12.951
0.026915 0.28364 1.06296 350.0168151855 2.6336188316  350.055  6.644  3.7854  0.432    0  0.000  0.545     0.00     0.00     0.00     0.00     0.00 -1    -1e-30      0.00 6.755e-01 2.972e-01 4.913e-03 1.325e-03 1.202e-02 -1.000 2.732e-02 -11.840 -10.777 -11.287 -11.881 -12.195 -12.461 -12.812 -13.021 -13.076
0.026915 0.28364 1.06296 350.0171508789 2.6336188316  350.059  6.668  3.7765  0.373    0  0.000  0.545     0.00     0.00     0.00     0.00     0.00 -1    -1e-30      0.00 6.755e-01 2.972e-01 4.913e-03 1.325e-03 1.202e-02 -1.000 2.732e-02 -11.899 -10.695 -11.257 -11.921 -12.265 -12.550 -12.923 -13.150 -13.208
0.026915 0.28364 1.06296 350.0174255371 2.6336188316  350.059  6.694  3.7703  0.321    0  0.000  0.545     0.00     0.00     0.00     0.00     0.00 -1    -1e-30      0.00 6.755e-01 2.972e-01 4.913e-03 1.325e-03 1.202e-02 -1.000 2.732e-02 -11.965 -10.652 -11.255 -11.969 -12.336 -12.638 -13.027 -13.266 -13.327
0.026915 0.28364 1.06296 350.0177001953 2.6336188316  350.059  6.728  3.7657  0.269    0  0.000  0.545     0.00     0.00     0.00     0.00     0.00 -1    -1e-30      0.00 6.755e-01 2.972e-01 4.913e-03 1.325e-03 1.202e-02 -1.000 2.732e-02 -12.050 -10.651 -11.290 -12.041 -12.425 -12.737 -13.139 -13.386 -13.450
0.026915 0.28364 1.06296 350.0180053711 2.6336188316  350.062  6.763  3.7622  0.220    0  0.000  0.545     0.00     0.00     0.00     0.00     0.00 -1    -1e-30      0.00 6.755e-01 2.972e-01 4.913e-03 1.325e-03 1.202e-02 -1.000 2.732e-02 -12.137 -10.668 -11.335 -12.118 -12.514 -12.835 -13.245 -13.499 -13.564
0.026915 0.28364 1.06296 350.0183105469 2.6336188316  350.062  6.795  3.7595  0.177    0  0.000  0.545     0.00     0.00     0.00     0.00     0.00 -1    -1e-30      0.00 6.755e-01 2.972e-01 4.913e-03 1.325e-03 1.202e-02 -1.000 2.732e-02 -12.218 -10.694 -11.385 -12.191 -12.597 -12.925 -13.342 -13.600 -13.667
0.026915 0.28364 1.06296 350.0186462402 2.6336188316  350.062  6.828  3.7574  0.135    0  0.000  0.545     0.00     0.00     0.00     0.00     0.00 -1    -1e-30      0.00 6.755e-01 2.972e-01 4.913e-03 1.325e-03 1.202e-02 -1.000 2.732e-02 -12.301 -10.727 -11.440 -12.266 -12.681 -13.014 -13.437 -13.698 -13.766
0.026915 0.28364 1.06296 350.0190734863 2.6336188316  350.062  6.861  3.7559  0.097    0  0.000  0.545     0.00     0.00     0.00     0.00     0.00 -1    -1e-30      0.00 6.755e-01 2.972e-01 4.913e-03 1.325e-03 1.202e-02 -1.000 2.732e-02 -12.382 -10.772 -11.501 -12.343 -12.763 -13.099 -13.526 -13.789 -13.858
0.026915 0.28364 1.06296 350.0196533203 2.6336188316  350.059  6.893  3.7556  0.063    0  0.000  0.545     0.00     0.00     0.00     0.00     0.00 -1    -1e-30      0.00 6.755e-01 2.972e-01 4.913e-03 1.325e-03 1.202e-02 -1.000 2.732e-02 -12.463 -10.839 -11.577 -12.424 -12.846 -13.182 -13.610 -13.872 -13.942
0.026915 0.28364 1.06296 350.0203247070 2.6336188316  350.059  6.925  3.7569  0.036    0  0.000  0.545     0.00     0.00     0.00     0.00     0.00 -1    -1e-30      0.00 6.755e-01 2.972e-01 4.913e-03 1.325e-03 1.202e-02 -1.000 2.732e-02 -12.544 -10.940 -11.672 -12.510 -12.927 -13.260 -13.682 -13.940 -14.010
0.026915 0.28364 1.06296 350.0210876465 2.6336188316  350.062  6.952  3.7612  0.027    0  0.000  0.545     0.00     0.00     0.00     0.00     0.00 -1    -1e-30      0.00 6.755e-01 2.972e-01 4.913e-03 1.325e-03 1.202e-02 -1.000 2.732e-02 -12.610 -11.086 -11.790 -12.591 -12.992 -13.315 -13.725 -13.972 -14.040
0.026915 0.28364 1.06296 350.0216979980 2.6336188316  350.062  6.940  3.8117  0.241    0  0.000  0.545     0.00     0.00     0.00     0.00     0.00 -1    -1e-30      0.00 6.755e-01 2.972e-01 4.913e-03 1.325e-03 1.202e-02 -1.000 2.732e-02 -12.581 -11.873 -12.269 -12.662 -12.892 -13.102 -13.389 -13.549 -13.593
0.026915 0.28364 1.06296 350.0218200684 2.6336188316  350.051  6.886  3.8652  0.509    0  0.000  0.545     0.00     0.00     0.00     0.00     0.00 -1 -2.06e-09      0.00 6.755e-01 2.972e-01 4.913e-03 1.325e-03 1.202e-02 -1.000 2.732e-02 -12.446 -12.194 -12.373 -12.549 -12.662 -12.781 -12.934 -13.018 -13.043
0.026915 0.28364 1.06296 350.0218505859 2.6336188316  350.039  6.858  3.9005  0.679    0  0.000  0.545     0.00     0.00     0.00     0.00     0.00 -1 -1.83e-09      0.00 6.755e-01 2.972e-01 4.913e-03 1.325e-03 1.202e-02 -1.000 2.732e-02 -12.374 -12.288 -12.343 -12.427 -12.500 -12.577 -12.667 -12.721 -12.731
0.026915 0.28364 1.06296 350.0218811035 2.6336188316  350.027  6.850  3.9855  1.026    0  0.000  0.545     0.00     0.00     0.00     0.00     0.00 -1 -2.11e-09      0.00 6.755e-01 2.972e-01 4.913e-03 1.325e-03 1.202e-02 -1.000 2.732e-02 -12.356 -12.376 -12.174 -12.135 -12.151 -12.163 -12.134 -12.139 -12.125
0.026915 0.28364 1.06296 350.0219116211 2.6336188316  350.023  6.847  4.0136  1.142    0  0.000  0.545     0.00     0.00     0.00     0.00     0.00 -1 -2.22e-09      0.00 6.755e-01 2.972e-01 4.913e-03 1.325e-03 1.202e-02 -1.000 2.732e-02 -12.347 -12.368 -12.051 -11.999 -12.011 -12.011 -11.947 -11.943 -11.922
0.026915 0.28364 1.06296 350.0219421387 2.6336188316  350.012  6.845  4.0244  1.187    0  0.000  0.545     0.00     0.00     0.00     0.00     0.00 -1 -2.22e-09      0.00 6.755e-01 2.972e-01 4.913e-03 1.325e-03 1.202e-02 -1.000 2.732e-02 -12.343 -12.359 -12.000 -11.943 -11.953 -11.950 -11.873 -11.866 -11.843
0.026915 0.28364 1.06296 350.0219726562 2.6336188316  349.996  6.844  4.0322  1.219    0  0.000  0.545     0.00     0.00     0.00     0.00     0.00 -1 -2.23e-09      0.00 6.755e-01 2.972e-01 4.913e-03 1.325e-03 1.202e-02 -1.000 2.732e-02 -12.340 -12.350 -11.963 -11.902 -11.911 -11.905 -11.820 -11.810 -11.786
0.026915 0.28364 1.06296 350.0221252441 2.6336188316  349.941  6.845  4.0381  1.241    0  0.000  0.545     0.00     0.00     0.00     0.00     0.00 -1  -2.1e-09      0.00 6.755e-01 2.972e-01 4.913e-03 1.325e-03 1.202e-02 -1.000 2.732e-02 -12.342 -12.347 -11.938 -11.875 -11.883 -11.874 -11.783 -11.772 -11.747
0.026915 0.28364 1.06296 350.0223083496 2.6336188316  349.863  6.849  4.0307  1.208    0  0.000  0.545     0.00     0.00     0.00     0.00     0.00 -1 -1.88e-09      0.00 6.755e-01 2.972e-01 4.913e-03 1.325e-03 1.202e-02 -1.000 2.732e-02 -12.352 -12.363 -11.981 -11.921 -11.930 -11.925 -11.841 -11.832 -11.808
0.026915 0.28364 1.06296 350.0224304199 2.6336188316  349.812  6.852  4.0230  1.174    0  0.000  0.545     0.00     0.00     0.00     0.00     0.00 -1 -1.75e-09      0.00 6.755e-01 2.972e-01 4.913e-03 1.325e-03 1.202e-02 -1.000 2.732e-02 -12.359 -12.375 -12.022 -11.966 -11.976 -11.974 -11.898 -11.892 -11.869
0.026915 0.28364 1.06296 350.0224914551 2.6336188316  349.781  6.854  4.0157  1.143    0  0.000  0.545     0.00     0.00     0.00     0.00     0.00 -1 -1.65e-09      0.00 6.755e-01 2.972e-01 4.913e-03 1.325e-03 1.202e-02 -1.000 2.732e-02 -12.364 -12.384 -12.059 -12.006 -12.018 -12.018 -11.950 -11.946 -11.925
0.026915 0.28364 1.06296 350.0225830078 2.6336188316  349.750  6.856  4.0074  1.107    0  0.000  0.545     0.00     0.00     0.00     0.00     0.00 -1 -1.58e-09      0.00 6.755e-01 2.972e-01 4.913e-03 1.325e-03 1.202e-02 -1.000 2.732e-02 -12.370 -12.392 -12.100 -12.051 -12.064 -12.067 -12.009 -12.008 -11.988
0.026915 0.28364 1.06296 350.0226440430 2.6336188316  349.715  6.858  3.9977  1.066    0  0.000  0.545     0.00     0.00     0.00     0.00     0.00 -1 -1.49e-09      0.00 6.755e-01 2.972e-01 4.913e-03 1.325e-03 1.202e-02 -1.000 2.732e-02 -12.375 -12.398 -12.145 -12.100 -12.115 -12.122 -12.076 -12.078 -12.060
0.026915 0.28364 1.06296 350.0227050781 2.6336188316  349.688  6.861  3.9862  1.018    0  0.000  0.545     0.00     0.00     0.00     0.00     0.00 -1  -1.4e-09      0.00 6.755e-01 2.972e-01 4.913e-03 1.325e-03 1.202e-02 -1.000 2.732e-02 -12.381 -12.402 -12.197 -12.157 -12.174 -12.185 -12.155 -12.160 -12.145
0.026915 0.28364 1.06296 350.0227355957 2.6336188316  349.668  6.862  3.9797  0.991    0  0.000  0.545     0.00     0.00     0.00     0.00     0.00 -1 -1.35e-09      0.00 6.755e-01 2.972e-01 4.913e-03 1.325e-03 1.202e-02 -1.000 2.732e-02 -12.384 -12.402 -12.225 -12.189 -12.206 -12.220 -12.199 -12.206 -12.193
0.026915 0.28364 1.06296 350.0227966309 2.6336188316  349.656  6.863  3.9728  0.962    0  0.000  0.545     0.00     0.00     0.00     0.00     0.00 -1 -1.32e-09      0.00 6.755e-01 2.972e-01 4.913e-03 1.325e-03 1.202e-02 -1.000 2.732e-02 -12.387 -12.401 -12.254 -12.221 -12.239 -12.256 -12.245 -12.255 -12.244
0.026915 0.28364 1.06296 350.0228271484 2.6336188316  349.641  6.864  3.9651  0.930    0  0.000  0.545     0.00     0.00     0.00     0.00     0.00 -1 -1.27e-09      0.00 6.755e-01 2.972e-01 4.913e-03 1.325e-03 1.202e-02 -1.000 2.732e-02 -12.390 -12.406 -12.270 -12.250 -12.275 -12.299 -12.296 -12.311 -12.302
0.026915 0.28364 1.06296 350.0228576660 2.6336188316  349.625  6.865  3.9567  0.895    0  0.000  0.545     0.00     0.00     0.00     0.00     0.00 -1 -1.23e-09      0.00 6.755e-01 2.972e-01 4.913e-03 1.325e-03 1.202e-02 -1.000 2.732e-02 -12.393 -12.413 -12.280 -12.278 -12.313 -12.346 -12.351 -12.371 -12.364
0.026915 0.28364 1.06296 350.0228881836 2.6336188316  349.605  6.866  3.9480  0.859    0  0.000  0.545     0.00     0.00     0.00     0.00     0.00 -1 -1.19e-09      0.00 6.755e-01 2.972e-01 4.913e-03 1.325e-03 1.202e-02 -1.000 2.732e-02 -12.396 -12.415 -12.297 -12.309 -12.352 -12.393 -12.408 -12.433 -12.428
0.026915 0.28364 1.06296 350.0229187012 2.6336188316  349.590  6.867  3.9386  0.821    0  0.000  0.545     0.00     0.00     0.00     0.00     0.00 -1 -1.15e-09      0.00 6.755e-01 2.972e-01 4.913e-03 1.325e-03 1.202e-02 -1.000 2.732e-02 -12.399 -12.403 -12.334 -12.350 -12.392 -12.437 -12.468 -12.497 -12.495
0.026915 0.28364 1.06296 350.0229797363 2.6336188316  349.574  6.869  3.9289  0.781    0  0.000  0.545     0.00     0.00     0.00     0.00     0.00 -1 -1.11e-09      0.00 6.755e-01 2.972e-01 4.913e-03 1.325e-03 1.202e-02 -1.000 2.732e-02 -12.401 -12.387 -12.361 -12.386 -12.432 -12.483 -12.530 -12.564 -12.565
0.026915 0.28364 1.06296 350.0230102539 2.6336188316  349.566  6.870  3.9187  0.739    0  0.000  0.545     0.00     0.00     0.00     0.00     0.00 -1 -1.05e-09      0.00 6.755e-01 2.972e-01 4.913e-03 1.325e-03 1.202e-02 -1.000 2.732e-02 -12.404 -12.372 -12.332 -12.403 -12.472 -12.539 -12.593 -12.635 -12.639
0.026915 0.28364 1.06296 350.0230407715 2.6336188316  349.551  6.871  3.9082  0.696    0  0.000  0.545     0.00     0.00     0.00     0.00     0.00 -1 -1.02e-09      0.00 6.755e-01 2.972e-01 4.913e-03 1.325e-03 1.202e-02 -1.000 2.732e-02 -12.406 -12.347 -12.350 -12.435 -12.509 -12.584 -12.656 -12.705 -12.712
0.026915 0.28364 1.06296 350.0230712891 2.6336188316  349.535  6.872  3.8985  0.656    0  0.000  0.545     0.00     0.00     0.00     0.00     0.00 -1 -9.69e-10      0.00 6.755e-01 2.972e-01 4.913e-03 1.325e-03 1.202e-02 -1.000 2.732e-02 -12.409 -12.315 -12.382 -12.467 -12.540 -12.619 -12.713 -12.769 -12.780
0.026915 0.28364 1.06296 350.0231018066 2.6336188316  349.516  6.872  3.8901  0.621    0  0.000  0.545     0.00     0.00     0.00     0.00     0.00 -1 -9.35e-10      0.00 6.755e-01 2.972e-01 4.913e-03 1.325e-03 1.202e-02 -1.000 2.732e-02 -12.411 -12.282 -12.398 -12.487 -12.563 -12.649 -12.763 -12.825 -12.840
0.026915 0.28364 1.06296 350.0231933594 2.6336188316  349.500  6.874  3.8790  0.575    0  0.000  0.545     0.00     0.00     0.00     0.00     0.00 -1 -8.71e-10      0.00 6.755e-01 2.972e-01 4.913e-03 1.325e-03 1.202e-02 -1.000 2.732e-02 -12.416 -12.233 -12.364 -12.506 -12.603 -12.703 -12.830 -12.900 -12.919
0.026915 0.28364 1.06296 350.0234069824 2.6336188316  349.414  6.879  3.8668  0.521    0  0.000  0.545     0.00     0.00     0.00     0.00     0.00 -1 -7.51e-10      0.00 6.755e-01 2.972e-01 4.913e-03 1.325e-03 1.202e-02 -1.000 2.732e-02 -12.428 -12.185 -12.356 -12.530 -12.643 -12.759 -12.908 -12.990 -13.014
0.026915 0.28364 1.06296 350.0242309570 2.6336188316  349.035  6.893  3.8692  0.517    0  0.000  0.545     0.00     0.00     0.00     0.00     0.00 -1  -4.8e-10      0.00 6.755e-01 2.972e-01 4.913e-03 1.325e-03 1.202e-02 -1.000 2.732e-02 -12.462 -12.231 -12.389 -12.562 -12.673 -12.786 -12.929 -13.008 -13.031
0.026915 0.28364 1.06296 350.0244445801 2.6336188316  348.934  6.894  3.8820  0.567    0  0.000  0.545     0.00     0.00     0.00     0.00     0.00 -1 -4.45e-10      0.00 6.755e-01 2.972e-01 4.913e-03 1.325e-03 1.202e-02 -1.000 2.732e-02 -12.465 -12.297 -12.422 -12.552 -12.643 -12.740 -12.862 -12.930 -12.948
0.026915 0.28364 1.06296 350.0245056152 2.6336188316  348.902  6.894  3.8903  0.600    0  0.000  0.545     0.00     0.00     0.00     0.00     0.00 -1 -4.37e-10      0.00 6.755e-01 2.972e-01 4.913e-03 1.325e-03 1.202e-02 -1.000 2.732e-02 -12.465 -12.337 -12.451 -12.540 -12.616 -12.702 -12.816 -12.878 -12.893
0.026915 0.28364 1.06296 350.0245361328 2.6336188316  348.883  6.894  3.8987  0.633    0  0.000  0.545     0.00     0.00     0.00     0.00     0.00 -1  -4.3e-10      0.00 6.755e-01 2.972e-01 4.913e-03 1.325e-03 1.202e-02 -1.000 2.732e-02 -12.465 -12.372 -12.438 -12.523 -12.596 -12.674 -12.768 -12.824 -12.835
0.026915 0.28364 1.06296 350.0245666504 2.6336188316  348.867  6.894  3.9122  0.687    0  0.000  0.545     0.00     0.00     0.00     0.00     0.00 -1 -4.34e-10      0.00 6.755e-01 2.972e-01 4.913e-03 1.325e-03 1.202e-02 -1.000 2.732e-02 -12.465 -12.418 -12.401 -12.482 -12.556 -12.628 -12.692 -12.739 -12.745
0.026915 0.28364 1.06296 350.0245971680 2.6336188316  348.840  6.894  3.9285  0.752    0  0.000  0.545     0.00     0.00     0.00     0.00     0.00 -1 -4.38e-10      0.00 6.755e-01 2.972e-01 4.913e-03 1.325e-03 1.202e-02 -1.000 2.732e-02 -12.465 -12.451 -12.424 -12.451 -12.498 -12.549 -12.596 -12.631 -12.632
0.026915 0.28364 1.06296 350.0246276855 2.6336188316  348.820  6.894  3.9444  0.816    0  0.000  0.545     0.00     0.00     0.00     0.00     0.00 -1 -4.48e-10      0.00 6.755e-01 2.972e-01 4.913e-03 1.325e-03 1.202e-02 -1.000 2.732e-02 -12.465 -12.479 -12.379 -12.393 -12.436 -12.478 -12.499 -12.526 -12.522
0.026915 0.28364 1.06296 350.0246582031 2.6336188316  348.801  6.894  3.9596  0.877    0  0.000  0.545     0.00     0.00     0.00     0.00     0.00 -1 -4.58e-10      0.00 6.755e-01 2.972e-01 4.913e-03 1.325e-03 1.202e-02 -1.000 2.732e-02 -12.465 -12.485 -12.349 -12.341 -12.374 -12.404 -12.405 -12.424 -12.416
0.026915 0.28364 1.06296 350.0246887207 2.6336188316  348.773  6.894  3.9738  0.934    0  0.000  0.545     0.00     0.00     0.00     0.00     0.00 -1 -4.69e-10      0.00 6.755e-01 2.972e-01 4.913e-03 1.325e-03 1.202e-02 -1.000 2.732e-02 -12.465 -12.480 -12.328 -12.295 -12.313 -12.330 -12.317 -12.327 -12.315
0.026915 0.28364 1.06296 350.0247192383 2.6336188316  348.754  6.894  3.9871  0.987    0  0.000  0.545     0.00     0.00     0.00     0.00     0.00 -1 -4.73e-10      0.00 6.755e-01 2.972e-01 4.913e-03 1.325e-03 1.202e-02 -1.000 2.732e-02 -12.465 -12.486 -12.277 -12.237 -12.253 -12.264 -12.232 -12.238 -12.222
0.026915 0.28364 1.06296 350.0247497559 2.6336188316  348.723  6.894  3.9997  1.037    0  0.000  0.545     0.00     0.00     0.00     0.00     0.00 -1 -4.76e-10      0.00 6.755e-01 2.972e-01 4.913e-03 1.325e-03 1.202e-02 -1.000 2.732e-02 -12.464 -12.488 -12.226 -12.181 -12.195 -12.201 -12.153 -12.154 -12.136
0.026915 0.28364 1.06296 350.0247802734 2.6336188316  348.691  6.894  4.0115  1.085    0  0.000  0.545     0.00     0.00     0.00     0.00     0.00 -1 -4.86e-10      0.00 6.755e-01 2.972e-01 4.913e-03 1.325e-03 1.202e-02 -1.000 2.732e-02 -12.464 -12.486 -12.177 -12.126 -12.138 -12.140 -12.077 -12.074 -12.054
0.026915 0.28364 1.06296 350.0248107910 2.6336188316  348.668  6.894  4.0226  1.129    0  0.000  0.545     0.00     0.00     0.00     0.00     0.00 -1 -4.91e-10      0.00 6.755e-01 2.972e-01 4.913e-03 1.325e-03 1.202e-02 -1.000 2.732e-02 -12.464 -12.481 -12.129 -12.073 -12.083 -12.080 -12.005 -11.999 -11.977
0.026915 0.28364 1.06296 350.0248413086 2.6336188316  348.629  6.893  4.0331  1.172    0  0.000  0.545     0.00     0.00     0.00     0.00     0.00 -1 -4.89e-10      0.00 6.755e-01 2.972e-01 4.913e-03 1.325e-03 1.202e-02 -1.000 2.732e-02 -12.464 -12.473 -12.081 -12.021 -12.029 -12.023 -11.936 -11.927 -11.903
0.026915 0.28364 1.06296 350.0248718262 2.6336188316  348.598  6.893  4.0431  1.211    0  0.000  0.545     0.00     0.00     0.00     0.00     0.00 -1 -4.92e-10      0.00 6.755e-01 2.972e-01 4.913e-03 1.325e-03 1.202e-02 -1.000 2.732e-02 -12.463 -12.462 -12.036 -11.971 -11.977 -11.967 -11.870 -11.858 -11.832
0.026915 0.28364 1.06296 350.0249023438 2.6336188316  348.566  6.893  4.0526  1.250    0  0.000  0.545     0.00     0.00     0.00     0.00     0.00 -1 -4.96e-10      0.00 6.755e-01 2.972e-01 4.913e-03 1.325e-03 1.202e-02 -1.000 2.732e-02 -12.463 -12.449 -11.991 -11.922 -11.926 -11.913 -11.807 -11.792 -11.765
0.026915 0.28364 1.06296 350.0249328613 2.6336188316  348.531  6.893  4.0616  1.286    0  0.000  0.545     0.00     0.00     0.00     0.00     0.00 -1 -4.94e-10      0.00 6.755e-01 2.972e-01 4.913e-03 1.325e-03 1.202e-02 -1.000 2.732e-02 -12.462 -12.435 -11.948 -11.875 -11.877 -11.860 -11.745 -11.728 -11.699
0.026915 0.28364 1.06296 350.0249633789 2.6336188316  348.492  6.893  4.0703  1.320    0  0.000  0.545     0.00     0.00     0.00     0.00     0.00 -1 -4.98e-10      0.00 6.755e-01 2.972e-01 4.913e-03 1.325e-03 1.202e-02 -1.000 2.732e-02 -12.462 -12.418 -11.906 -11.829 -11.829 -11.809 -11.686 -11.666 -11.636
0.026915 0.28364 1.06296 350.0249938965 2.6336188316  348.453  6.893  4.0785  1.354    0  0.000  0.545     0.00     0.00     0.00     0.00     0.00 -1 -4.95e-10      0.00 6.755e-01 2.972e-01 4.913e-03 1.325e-03 1.202e-02 -1.000 2.732e-02 -12.461 -12.372 -11.897 -11.801 -11.787 -11.755 -11.630 -11.603 -11.571
0.026915 0.28364 1.06296 350.0250244141 2.6336188316  348.410  6.892  4.0865  1.386    0  0.000  0.545     0.00     0.00     0.00     0.00     0.00 -1 -4.98e-10      0.00 6.755e-01 2.972e-01 4.913e-03 1.325e-03 1.202e-02 -1.000 2.732e-02 -12.461 -12.350 -11.864 -11.761 -11.743 -11.706 -11.575 -11.546 -11.511
0.026915 0.28364 1.06296 350.0250854492 2.6336188316  348.367  6.892  4.0941  1.416    0  0.000  0.545     0.00     0.00     0.00     0.00     0.00 -1 -4.96e-10      0.00 6.755e-01 2.972e-01 4.913e-03 1.325e-03 1.202e-02 -1.000 2.732e-02 -12.461 -12.333 -11.826 -11.719 -11.699 -11.660 -11.523 -11.491 -11.455
0.026915 0.28364 1.06296 350.0251159668 2.6336188316  348.328  6.892  4.1014  1.446    0  0.000  0.545     0.00     0.00     0.00     0.00     0.00 -1 -4.94e-10      0.00 6.755e-01 2.972e-01 4.913e-03 1.325e-03 1.202e-02 -1.000 2.732e-02 -12.460 -12.315 -11.789 -11.679 -11.657 -11.616 -11.471 -11.438 -11.401
0.026915 0.28364 1.06296 350.0251464844 2.6336188316  348.285  6.892  4.1085  1.474    0  0.000  0.545     0.00     0.00     0.00     0.00     0.00 -1 -4.91e-10      0.00 6.755e-01 2.972e-01 4.913e-03 1.325e-03 1.202e-02 -1.000 2.732e-02 -12.460 -12.298 -11.753 -11.640 -11.616 -11.572 -11.422 -11.387 -11.349
0.026915 0.28364 1.06296 350.0251770020 2.6336188316  348.234  6.892  4.1153  1.502    0  0.000  0.545     0.00     0.00     0.00     0.00     0.00 -1 -4.94e-10      0.00 6.755e-01 2.972e-01 4.913e-03 1.325e-03 1.202e-02 -1.000 2.732e-02 -12.459 -12.284 -11.714 -11.600 -11.576 -11.531 -11.374 -11.338 -11.299
0.026915 0.28364 1.06296 350.0252075195 2.6336188316  348.188  6.891  4.1219  1.528    0  0.000  0.545     0.00     0.00     0.00     0.00     0.00 -1    -4e-10      0.00 6.755e-01 2.972e-01 4.913e-03 1.325e-03 1.202e-02 -1.000 2.732e-02 -12.459 -12.273 -11.674 -11.561 -11.537 -11.491 -11.329 -11.291 -11.251
0.026915 0.28364 1.06296 350.0252685547 2.6336188316  348.105  6.891  4.1344  1.578    0  0.000  0.545     0.00     0.00     0.00     0.00     0.00 -1 -2.88e-10      0.00 6.755e-01 2.972e-01 4.913e-03 1.325e-03 1.202e-02 -1.000 2.732e-02 -12.458 -12.256 -11.593 -11.485 -11.463 -11.416 -11.242 -11.203 -11.162
0.026915 0.28364 1.06296 350.0253295898 2.6336188316  348.020  6.891  4.1462  1.625    0  0.000  0.545     0.00     0.00     0.00     0.00     0.00 -1 -2.85e-10      0.00 6.755e-01 2.972e-01 4.913e-03 1.325e-03 1.202e-02 -1.000 2.732e-02 -12.457 -12.233 -11.524 -11.416 -11.393 -11.344 -11.159 -11.119 -11.076
0.026915 0.28364 1.06296 350.0254211426 2.6336188316  347.926  6.890  4.1573  1.670    0  0.000  0.545     0.00     0.00     0.00     0.00     0.00 -1 -2.81e-10      0.00 6.755e-01 2.972e-01 4.913e-03 1.325e-03 1.202e-02 -1.000 2.732e-02 -12.456 -12.191 -11.476 -11.357 -11.328 -11.273 -11.080 -11.036 -10.991
0.026915 0.28364 1.06296 350.0254821777 2.6336188316  347.836  6.890  4.1679  1.713    0  0.000  0.545     0.00     0.00     0.00     0.00     0.00 -1 -2.74e-10      0.00 6.755e-01 2.972e-01 4.913e-03 1.325e-03 1.202e-02 -1.000 2.732e-02 -12.455 -12.143 -11.436 -11.304 -11.267 -11.203 -11.005 -10.957 -10.909
0.026915 0.28364 1.06296 350.0255432129 2.6336188316  347.727  6.890  4.1779  1.753    0  0.000  0.545     0.00     0.00     0.00     0.00     0.00 -1  -2.7e-10      0.00 6.755e-01 2.972e-01 4.913e-03 1.325e-03 1.202e-02 -1.000 2.732e-02 -12.454 -12.103 -11.393 -11.251 -11.208 -11.138 -10.934 -10.882 -10.831
0.026915 0.28364 1.06296 350.0256347656 2.6336188316  347.617  6.889  4.1875  1.792    0  0.000  0.545     0.00     0.00     0.00     0.00     0.00 -1 -2.63e-10      0.00 6.755e-01 2.972e-01 4.913e-03 1.325e-03 1.202e-02 -1.000 2.732e-02 -12.453 -12.071 -11.344 -11.197 -11.151 -11.077 -10.866 -10.812 -10.759
0.026915 0.28364 1.06296 350.0256958008 2.6336188316  347.555  6.889  4.1966  1.828    0  0.000  0.545     0.00     0.00     0.00     0.00     0.00 -1 -6.28e-11      0.00 6.755e-01 2.972e-01 4.913e-03 1.325e-03 1.202e-02 -1.000 2.732e-02 -12.452 -12.044 -11.297 -11.147 -11.098 -11.021 -10.804 -10.746 -10.692
0.026915 0.28364 1.06296 350.0257568359 2.6336188316  347.543  6.889  4.2043  1.859    0  0.000  0.545     0.00     0.00     0.00     0.00     0.00 -1 -6.13e-11      0.00 6.755e-01 2.972e-01 4.913e-03 1.325e-03 1.202e-02 -1.000 2.732e-02 -12.452 -12.021 -11.257 -11.104 -11.053 -10.974 -10.750 -10.691 -10.636
0.026915 0.28364 1.06296 350.0258178711 2.6336188316  347.535  6.889  4.2118  1.889    0  0.000  0.545     0.00     0.00     0.00     0.00     0.00 -1 -6.07e-11      0.00 6.755e-01 2.972e-01 4.913e-03 1.325e-03 1.202e-02 -1.000 2.732e-02 -12.452 -11.999 -11.218 -11.063 -11.010 -10.928 -10.699 -10.638 -10.581
0.026915 0.28364 1.06296 350.0258789062 2.6336188316  347.531  6.889  4.2191  1.919    0  0.000  0.545     0.00     0.00     0.00     0.00     0.00 -1 -5.38e-11      0.00 6.755e-01 2.972e-01 4.913e-03 1.325e-03 1.202e-02 -1.000 2.732e-02 -12.452 -11.977 -11.180 -11.023 -10.968 -10.884 -10.650 -10.587 -10.528
0.026915 0.28364 1.06296 350.0259704590 2.6336188316  347.520  6.889  4.2262  1.947    0  0.000  0.545     0.00     0.00     0.00     0.00     0.00 -1 -3.89e-11      0.00 6.755e-01 2.972e-01 4.913e-03 1.325e-03 1.202e-02 -1.000 2.732e-02 -12.452 -11.956 -11.143 -10.984 -10.927 -10.840 -10.601 -10.536 -10.477
0.026915 0.28364 1.06296 350.0260620117 2.6336188316  347.516  6.888  4.2367  1.989    0  0.000  0.545     0.00     0.00     0.00     0.00     0.00 -1 -3.61e-11      0.00 6.755e-01 2.972e-01 4.913e-03 1.325e-03 1.202e-02 -1.000 2.732e-02 -12.451 -11.925 -11.088 -10.927 -10.868 -10.778 -10.531 -10.463 -10.401
0.026915 0.28364 1.06296 350.0261230469 2.6336188316  347.508  6.888  4.2435  2.017    0  0.000  0.545     0.00     0.00     0.00     0.00     0.00 -1 -3.57e-11      0.00 6.755e-01 2.972e-01 4.913e-03 1.325e-03 1.202e-02 -1.000 2.732e-02 -12.451 -11.906 -11.053 -10.890 -10.830 -10.738 -10.486 -10.417 -10.353
0.026915 0.28364 1.06296 350.0262145996 2.6336188316  347.492  6.888  4.2534  2.056    0  0.000  0.545     0.00     0.00     0.00     0.00     0.00 -1 -1.01e-11      0.00 6.755e-01 2.972e-01 4.913e-03 1.325e-03 1.202e-02 -1.000 2.732e-02 -12.450 -11.877 -11.001 -10.836 -10.775 -10.680 -10.421 -10.349 -10.283
0.026915 0.28364 1.06296 350.0263671875 2.6336188316  347.496  6.888  4.2660  2.107    0  0.000  0.545     0.00     0.00     0.00     0.00     0.00 -1 -1.05e-11      0.00 6.755e-01 2.972e-01 4.913e-03 1.325e-03 1.202e-02 -1.000 2.732e-02 -12.449 -11.840 -10.935 -10.768 -10.705 -10.608 -10.340 -10.265 -10.196
0.026915 0.28364 1.06296 350.0264587402 2.6336188316  347.500  6.887  4.2752  2.144    0  0.000  0.545     0.00     0.00     0.00     0.00     0.00 -1 -1.08e-11      0.00 6.755e-01 2.972e-01 4.913e-03 1.325e-03 1.202e-02 -1.000 2.732e-02 -12.449 -11.811 -10.887 -10.718 -10.654 -10.554 -10.281 -10.204 -10.133
0.026915 0.28364 1.06296 350.0265502930 2.6336188316  347.504  6.887  4.2841  2.180    0  0.000  0.545     0.00     0.00     0.00     0.00     0.00 -1 -1.09e-11      0.00 6.755e-01 2.972e-01 4.913e-03 1.325e-03 1.202e-02 -1.000 2.732e-02 -12.448 -11.767 -10.840 -10.665 -10.597 -10.493 -10.216 -10.135 -10.063
0.026915 0.28364 1.06296 350.0267028809 2.6336188316  347.504  6.887  4.2956  2.227    0  0.000  0.545     0.00     0.00     0.00     0.00     0.00 -1 -1.08e-11      0.00 6.755e-01 2.972e-01 4.913e-03 1.325e-03 1.202e-02 -1.000 2.732e-02 -12.446 -11.686 -10.781 -10.592 -10.514 -10.402 -10.120 -10.036 -9.963
0.026915 0.28364 1.06296 350.0267944336 2.6336188316  347.504  6.886  4.3039  2.261    0  0.000  0.545     0.00     0.00     0.00     0.00     0.00 -1 -1.08e-11      0.00 6.755e-01 2.972e-01 4.913e-03 1.325e-03 1.202e-02 -1.000 2.732e-02 -12.445 -11.641 -10.737 -10.542 -10.459 -10.343 -10.057 -9.971 -9.897
0.026915 0.28364 1.06296 350.0268859863 2.6336188316  347.492  6.886  4.3121  2.294    0  0.000  0.545     0.00     0.00     0.00     0.00     0.00 -1 -1.07e-11      0.00 6.755e-01 2.972e-01 4.913e-03 1.325e-03 1.202e-02 -1.000 2.732e-02 -12.444 -11.612 -10.695 -10.497 -10.413 -10.294 -10.003 -9.915 -9.839
0.026915 0.28364 1.06296 350.0270080566 2.6336188316  347.496  6.885  4.3200  2.326    0  0.000  0.545     0.00     0.00     0.00     0.00     0.00 -1 -1.03e-11      0.00 6.755e-01 2.972e-01 4.913e-03 1.325e-03 1.202e-02 -1.000 2.732e-02 -12.443 -11.586 -10.653 -10.453 -10.368 -10.248 -9.952 -9.862 -9.784
0.026915 0.28364 1.06296 350.0271606445 2.6336188316  347.492  6.884  4.3303  2.368    0  0.000  0.545     0.00     0.00     0.00     0.00     0.00 -1 -9.89e-12      0.00 6.755e-01 2.972e-01 4.913e-03 1.325e-03 1.202e-02 -1.000 2.732e-02 -12.440 -11.551 -10.599 -10.396 -10.310 -10.188 -9.886 -9.794 -9.714
0.026915 0.28364 1.06296 350.0272827148 2.6336188316  347.492  6.883  4.3378  2.399    0  0.000  0.545     0.00     0.00     0.00     0.00     0.00 -1  -9.4e-12      0.00 6.755e-01 2.972e-01 4.913e-03 1.325e-03 1.202e-02 -1.000 2.732e-02 -12.438 -11.524 -10.558 -10.354 -10.267 -10.143 -9.837 -9.744 -9.663
0.026915 0.28364 1.06296 350.0274047852 2.6336188316  347.488  6.882  4.3452  2.429    0  0.000  0.545     0.00     0.00     0.00     0.00     0.00 -1 -8.96e-12      0.00 6.755e-01 2.972e-01 4.913e-03 1.325e-03 1.202e-02 -1.000 2.732e-02 -12.436 -11.497 -10.518 -10.312 -10.223 -10.099 -9.789 -9.695 -9.612
0.026915 0.28364 1.06296 350.0275268555 2.6336188316  347.488  6.881  4.3525  2.460    0  0.000  0.545     0.00     0.00     0.00     0.00     0.00 -1 -8.22e-12      0.00 6.755e-01 2.972e-01 4.913e-03 1.325e-03 1.202e-02 -1.000 2.732e-02 -12.433 -11.469 -10.478 -10.270 -10.180 -10.054 -9.740 -9.645 -9.561
0.026915 0.28364 1.06296 350.0278015137 2.6336188316  347.473  6.878  4.3623  2.502    0  0.000  0.545     0.00     0.00     0.00     0.00     0.00 -1 -7.13e-12      0.00 6.755e-01 2.972e-01 4.913e-03 1.325e-03 1.202e-02 -1.000 2.732e-02 -12.426 -11.428 -10.422 -10.211 -10.119 -9.991 -9.673 -9.576 -9.491
0.026915 0.28364 1.06296 350.0284729004 2.6336188316  347.457  6.872  4.3691  2.535    0  0.000  0.545     0.00     0.00     0.00     0.00     0.00 -1 -4.71e-12      0.00 6.755e-01 2.972e-01 4.913e-03 1.325e-03 1.202e-02 -1.000 2.732e-02 -12.411 -11.389 -10.373 -10.160 -10.067 -9.937 -9.615 -9.517 -9.431
0.026915 0.28364 1.06296 350.0300903320 2.6336188316  347.375  6.869  4.3631  2.515    0  0.000  0.545     0.00     0.00     0.00     0.00     0.00 -1 -1.74e-12      0.00 6.755e-01 2.972e-01 4.913e-03 1.325e-03 1.202e-02 -1.000 2.732e-02 -12.401 -11.401 -10.393 -10.183 -10.091 -9.962 -9.643 -9.546 -9.462
0.026915 0.28364 1.06296 350.0308532715 2.6336188316  347.328  6.868  4.3674  2.532    0  0.000  0.545     0.00     0.00     0.00     0.00     0.00 -1 -1.08e-12      0.00 6.755e-01 2.972e-01 4.913e-03 1.325e-03 1.202e-02 -1.000 2.732e-02 -12.400 -11.385 -10.370 -10.158 -10.066 -9.936 -9.615 -9.518 -9.432
0.026915 0.28364 1.06296 350.0312500000 2.6336188316  347.297  6.868  4.3715  2.549    0  0.000  0.545     0.00     0.00     0.00     0.00     0.00 -1 -8.37e-13      0.00 6.755e-01 2.972e-01 4.913e-03 1.325e-03 1.202e-02 -1.000 2.732e-02 -12.399 -11.370 -10.349 -10.136 -10.042 -9.912 -9.589 -9.490 -9.404
0.026915 0.28364 1.06296 350.0315246582 2.6336188316  347.277  6.868  4.3747  2.562    0  0.000  0.545     0.00     0.00     0.00     0.00     0.00 -1 -6.93e-13      0.00 6.755e-01 2.972e-01 4.913e-03 1.325e-03 1.202e-02 -1.000 2.732e-02 -12.399 -11.358 -10.333 -10.119 -10.025 -9.894 -9.569 -9.470 -9.383
0.026915 0.28364 1.06296 350.0321655273 2.6336188316  347.219  6.866  4.3732  2.557    0  0.000  0.545     0.00     0.00     0.00     0.00     0.00 -1 -4.61e-13      0.00 6.755e-01 2.972e-01 4.913e-03 1.325e-03 1.202e-02 -1.000 2.732e-02 -12.395 -11.360 -10.337 -10.123 -10.029 -9.898 -9.574 -9.475 -9.389
0.026915 0.28364 1.06296 350.0428771973 2.6336188316  343.199  6.847  4.2552  2.100    0  0.000  0.536     0.00     0.00     0.00     0.00     0.00 -1 -7.65e-16      0.00 6.750e-01 2.976e-01 4.852e-03 1.474e-03 1.193e-02 -1.000 2.732e-02 -12.346 -11.768 -10.888 -10.723 -10.661 -10.566 -10.306 -10.233 -10.167
0.026915 0.28364 1.06296 350.0466003418 2.6336188316  337.992  6.837  4.2126  1.932    0  0.000  0.292     0.00     0.00     0.00     0.00     0.00 -1 -8.25e-17      0.00 6.687e-01 3.038e-01 2.532e-03 5.670e-03 1.026e-02 -1.000 2.752e-02 -12.323 -11.867 -11.085 -10.930 -10.876 -10.794 -10.565 -10.504 -10.447
0.026915 0.28364 1.06296 350.0491027832 2.6336188316  331.633  6.829  4.1859  1.825    0  0.000  0.288     0.00     0.00     0.00     0.00     0.00 -1 -1.86e-17      0.00 6.562e-01 3.165e-01 2.484e-03 7.279e-03 8.491e-03 -1.000 2.727e-02 -12.303 -11.926 -11.203 -11.057 -11.010 -10.937 -10.728 -10.673 -10.621
0.026915 0.28364 1.06296 350.0507202148 2.6336188316  325.426  6.823  4.1695  1.758    0  0.000  0.314     0.00     0.00     0.00     0.00     0.00 -1 -7.05e-18      0.00 6.424e-01 3.304e-01 2.570e-03 7.955e-03 7.601e-03 -1.000 2.717e-02 -12.286 -11.967 -11.261 -11.127 -11.088 -11.024 -10.825 -10.776 -10.727
0.026915 0.28364 1.06296 350.0518188477 2.6336188316  319.754  6.817  4.1585  1.712    0  0.000  0.343     0.00     0.00     0.00     0.00     0.00 -1  -3.6e-18      0.00 6.299e-01 3.430e-01 2.628e-03 8.233e-03 7.207e-03 -1.000 2.710e-02 -12.272 -12.001 -11.287 -11.167 -11.137 -11.080 -10.888 -10.843 -10.797
0.026915 0.28364 1.06296 350.0526733398 2.6336188316  314.578  6.812  4.1506  1.678    0  0.000  0.377     0.00     0.00     0.00     0.00     0.00 -1 -2.18e-18      0.00 6.184e-01 3.545e-01 2.670e-03 8.355e-03 7.010e-03 -1.000 2.710e-02 -12.259 -12.023 -11.303 -11.193 -11.169 -11.119 -10.931 -10.889 -10.845
0.026915 0.28364 1.06296 350.0534057617 2.6336188316  309.285  6.806  4.1438  1.649    0  0.000  0.419     0.00     0.00     0.00     0.00     0.00 -1 -1.41e-18      0.00 6.066e-01 3.663e-01 2.707e-03 8.410e-03 6.900e-03 -1.000 2.707e-02 -12.246 -12.028 -11.326 -11.218 -11.196 -11.148 -10.965 -10.926 -10.883
0.026915 0.28364 1.06296 350.0540161133 2.6336188316  304.000  6.802  4.1380  1.623    0  0.000  0.468     0.00     0.00     0.00     0.00     0.00 -1 -9.63e-19      0.00 5.948e-01 3.781e-01 2.738e-03 8.425e-03 6.845e-03 -1.000 2.707e-02 -12.234 -12.028 -11.346 -11.239 -11.218 -11.171 -10.993 -10.954 -10.912
0.026915 0.28364 1.06296 350.0545349121 2.6336188316  298.906  6.797  4.1334  1.602    0  0.000  0.516     0.00     0.00     0.00     0.00     0.00 -1 -7.04e-19      0.00 5.841e-01 3.888e-01 2.764e-03 8.411e-03 6.829e-03 -1.000 2.706e-02 -12.222 -12.022 -11.364 -11.255 -11.233 -11.186 -11.013 -10.975 -10.933
0.026915 0.28364 1.06296 350.0549926758 2.6336188316  294.270  6.792  4.1297  1.585    0  0.000  0.560     0.00     0.00     0.00     0.00     0.00 -1 -5.44e-19      0.00 5.743e-01 3.987e-01 2.785e-03 8.382e-03 6.830e-03 -1.000 2.703e-02 -12.211 -12.015 -11.376 -11.266 -11.243 -11.197 -11.027 -10.989 -10.948
0.026915 0.28364 1.06296 350.0553588867 2.6336188316  289.664  6.788  4.1265  1.570    0  0.000  0.602     0.00     0.00     0.00     0.00     0.00 -1 -4.32e-19      0.00 5.646e-01 4.084e-01 2.804e-03 8.353e-03 6.841e-03 -1.000 2.705e-02 -12.200 -12.009 -11.386 -11.275 -11.252 -11.205 -11.038 -11.001 -10.960
0.026915 0.28364 1.06296 350.0557250977 2.6336188316  285.074  6.784  4.1235  1.555    0  0.000  0.640     0.00     0.00     0.00     0.00     0.00 -1 -3.46e-19      0.00 5.549e-01 4.181e-01 2.821e-03 8.318e-03 6.858e-03 -1.000 2.704e-02 -12.189 -12.001 -11.394 -11.282 -11.258 -11.212 -11.048 -11.010 -10.970
0.026915 0.28364 1.06296 350.0560302734 2.6336188316  280.680  6.779  4.1212  1.544    0  0.000  0.674     0.00     0.00     0.00     0.00     0.00 -1 -2.88e-19      0.00 5.455e-01 4.275e-01 2.836e-03 8.286e-03 6.878e-03 -1.000 2.705e-02 -12.179 -11.994 -11.398 -11.285 -11.261 -11.215 -11.053 -11.016 -10.976
0.026915 0.28364 1.06296 350.0563354492 2.6336188316  276.297  6.775  4.1190  1.532    0  0.000  0.703     0.00     0.00     0.00     0.00     0.00 -1 -2.42e-19      0.00 5.363e-01 4.366e-01 2.850e-03 8.250e-03 6.900e-03 -1.000 2.709e-02 -12.168 -11.987 -11.401 -11.288 -11.264 -11.218 -11.058 -11.021 -10.982
0.026915 0.28364 1.06296 350.0567321777 2.6336188316  269.625  6.769  4.1163  1.517    0  0.000  0.740     0.00     0.00     0.00     0.00     0.00 -1 -1.89e-19      0.00 5.228e-01 4.501e-01 2.870e-03 8.197e-03 6.935e-03 -1.000 2.706e-02 -12.152 -11.975 -11.401 -11.288 -11.264 -11.218 -11.061 -11.025 -10.985
0.026915 0.28364 1.06296 350.0569763184 2.6336188316  262.750  6.760  4.1173  1.519    0  0.000  0.771     0.00     0.00     0.00     0.00     0.00 -1  -2.5e-19      0.00 5.093e-01 4.636e-01 2.882e-03 8.169e-03 6.954e-03 -1.000 2.706e-02 -12.130 -11.951 -11.373 -11.259 -11.235 -11.189 -11.031 -10.995 -10.955
0.026915 0.28364 1.06296 350.0570678711 2.6336188316  255.150  6.746  4.1169  1.519    0  0.000  0.779     0.00     0.00     0.00     0.00     0.00 -1  -2.4e-19      0.00 5.038e-01 4.692e-01 2.887e-03 8.155e-03 6.965e-03 -1.000 2.706e-02 -12.094 -11.916 -11.339 -11.226 -11.202 -11.156 -10.999 -10.962 -10.923
0.026915 0.28364 1.06296 350.0571899414 2.6336188316  247.562  6.731  4.1160  1.517    0  0.000  0.784     0.00     0.00     0.00     0.00     0.00 -1 -2.45e-19      0.00 4.992e-01 4.737e-01 2.892e-03 8.139e-03 6.976e-03 -1.000 2.709e-02 -12.057 -11.881 -11.308 -11.195 -11.170 -11.125 -10.968 -10.932 -10.892
0.026915 0.28364 1.06296 350.0572814941 2.6336188316  239.596  6.714  4.1148  1.514    0  0.000  0.787     0.00     0.00     0.00     0.00     0.00 -1 -2.28e-19      0.00 4.953e-01 4.776e-01 2.897e-03 8.126e-03 6.987e-03 -1.000 2.709e-02 -12.016 -11.842 -11.274 -11.160 -11.136 -11.091 -10.935 -10.899 -10.860
0.026915 0.28364 1.06296 350.0573730469 2.6336188316  231.396  6.697  4.1134  1.511    0  0.000  0.790     0.00     0.00     0.00     0.00     0.00 -1 -2.04e-19      0.00 4.916e-01 4.813e-01 2.901e-03 8.110e-03 6.998e-03 -1.000 2.709e-02 -11.972 -11.800 -11.237 -11.124 -11.100 -11.055 -10.900 -10.864 -10.825
0.026915 0.28364 1.06296 350.0574951172 2.6336188316  223.697  6.680  4.1121  1.509    0  0.000  0.792     0.00     0.00     0.00     0.00     0.00 -1 -1.85e-19      0.00 4.879e-01 4.850e-01 2.906e-03 8.093e-03 7.009e-03 -1.000 2.709e-02 -11.929 -11.759 -11.202 -11.089 -11.064 -11.019 -10.866 -10.830 -10.792
0.026915 0.28364 1.06296 350.0575866699 2.6336188316  216.285  6.662  4.1108  1.506    0  0.000  0.793     0.00     0.00     0.00     0.00     0.00 -1 -1.66e-19      0.00 4.843e-01 4.887e-01 2.911e-03 8.080e-03 7.021e-03 -1.000 2.706e-02 -11.885 -11.718 -11.166 -11.053 -11.029 -10.984 -10.832 -10.796 -10.758
0.026915 0.28364 1.06296 350.0576782227 2.6336188316  209.318  6.645  4.1095  1.504    0  0.000  0.795     0.00     0.00     0.00     0.00     0.00 -1  -1.5e-19      0.00 4.807e-01 4.922e-01 2.915e-03 8.065e-03 7.032e-03 -1.000 2.709e-02 -11.843 -11.678 -11.131 -11.017 -10.993 -10.949 -10.798 -10.763 -10.724
0.026915 0.28364 1.06296 350.0578002930 2.6336188316  202.418  6.628  4.1081  1.501    0  0.000  0.795     0.00     0.00     0.00     0.00     0.00 -1 -1.35e-19      0.00 4.770e-01 4.959e-01 2.920e-03 8.048e-03 7.043e-03 -1.000 2.709e-02 -11.799 -11.638 -11.094 -10.982 -10.958 -10.914 -10.764 -10.729 -10.691
0.026915 0.28364 1.06296 350.0578918457 2.6336188316  195.742  6.610  4.1069  1.499    0  0.000  0.796     0.00     0.00     0.00     0.00     0.00 -1 -1.22e-19      0.00 4.734e-01 4.995e-01 2.925e-03 8.036e-03 7.055e-03 -1.000 2.709e-02 -11.756 -11.598 -11.057 -10.945 -10.922 -10.878 -10.729 -10.695 -10.657
0.026915 0.28364 1.06296 350.0579833984 2.6336188316  189.305  6.593  4.1057  1.497    0  0.000  0.797     0.00     0.00     0.00     0.00     0.00 -1 -1.09e-19      0.00 4.697e-01 5.032e-01 2.930e-03 8.020e-03 7.067e-03 -1.000 2.709e-02 -11.712 -11.557 -11.020 -10.908 -10.885 -10.842 -10.694 -10.660 -10.622
0.026915 0.28364 1.06296 350.0580749512 2.6336188316  183.266  6.576  4.1045  1.495    0  0.000  0.797     0.00     0.00     0.00     0.00     0.00 -1 -9.87e-20      0.00 4.661e-01 5.068e-01 2.934e-03 8.004e-03 7.078e-03 -1.000 2.709e-02 -11.670 -11.518 -10.983 -10.872 -10.850 -10.807 -10.660 -10.626 -10.589
0.026915 0.28364 1.06296 350.0581970215 2.6336188316  177.438  6.559  4.1033  1.493    0  0.000  0.797     0.00     0.00     0.00     0.00     0.00 -1 -8.87e-20      0.00 4.625e-01 5.104e-01 2.939e-03 7.988e-03 7.090e-03 -1.000 2.706e-02 -11.628 -11.478 -10.947 -10.836 -10.814 -10.772 -10.626 -10.592 -10.555
0.026915 0.28364 1.06296 350.0582885742 2.6336188316  171.797  6.542  4.1021  1.491    0  0.000  0.798     0.00     0.00     0.00     0.00     0.00 -1 -8.03e-20      0.00 4.589e-01 5.140e-01 2.944e-03 7.975e-03 7.101e-03 -1.000 2.710e-02 -11.585 -11.439 -10.910 -10.800 -10.778 -10.736 -10.592 -10.558 -10.521
0.026915 0.28364 1.06296 350.0583801270 2.6336188316  166.354  6.525  4.1010  1.490    0  0.000  0.798     0.00     0.00     0.00     0.00     0.00 -1 -7.21e-20      0.00 4.552e-01 5.177e-01 2.948e-03 7.959e-03 7.113e-03 -1.000 2.710e-02 -11.543 -11.399 -10.874 -10.764 -10.742 -10.701 -10.557 -10.524 -10.487
0.026915 0.28364 1.06296 350.0585021973 2.6336188316  161.119  6.508  4.0999  1.489    0  0.000  0.799     0.00     0.00     0.00     0.00     0.00 -1 -6.53e-20      0.00 4.515e-01 5.214e-01 2.953e-03 7.943e-03 7.125e-03 -1.000 2.710e-02 -11.500 -11.359 -10.837 -10.728 -10.706 -10.665 -10.522 -10.489 -10.453
0.026915 0.28364 1.06296 350.0585937500 2.6336188316  156.193  6.491  4.0988  1.488    0  0.000  0.799     0.00     0.00     0.00     0.00     0.00 -1 -5.87e-20      0.00 4.478e-01 5.251e-01 2.958e-03 7.928e-03 7.136e-03 -1.000 2.710e-02 -11.459 -11.320 -10.800 -10.692 -10.670 -10.630 -10.488 -10.455 -10.419
0.026915 0.28364 1.06296 350.0586853027 2.6336188316  151.297  6.475  4.0977  1.486    0  0.000  0.800     0.00     0.00     0.00     0.00     0.00 -1 -5.31e-20      0.00 4.440e-01 5.289e-01 2.963e-03 7.911e-03 7.148e-03 -1.000 2.710e-02 -11.416 -11.280 -10.764 -10.655 -10.635 -10.594 -10.453 -10.421 -10.385
0.026915 0.28364 1.06296 350.0588073730 2.6336188316  146.451  6.458  4.0965  1.484    0  0.000  0.802     0.00     0.00     0.00     0.00     0.00 -1 -4.76e-20      0.00 4.402e-01 5.327e-01 2.968e-03 7.895e-03 7.160e-03 -1.000 2.710e-02 -11.374 -11.240 -10.727 -10.619 -10.599 -10.559 -10.419 -10.387 -10.351
0.026915 0.28364 1.06296 350.0588989258 2.6336188316  141.896  6.441  4.0957  1.484    0  0.000  0.804     0.00     0.00     0.00     0.00     0.00 -1  -4.3e-20      0.00 4.364e-01 5.365e-01 2.973e-03 7.878e-03 7.172e-03 -1.000 2.711e-02 -11.333 -11.201 -10.690 -10.583 -10.562 -10.523 -10.384 -10.352 -10.316
0.026915 0.28364 1.06296 350.0589904785 2.6336188316  137.414  6.424  4.0952  1.484    0  0.000  0.807     0.00     0.00     0.00     0.00     0.00 -1 -3.86e-20      0.00 4.325e-01 5.404e-01 2.979e-03 7.862e-03 7.184e-03 -1.000 2.710e-02 -11.291 -11.161 -10.651 -10.544 -10.524 -10.484 -10.346 -10.314 -10.278
0.026915 0.28364 1.06296 350.0591125488 2.6336188316  133.072  6.408  4.0949  1.486    0  0.000  0.810     0.00     0.00     0.00     0.00     0.00 -1 -3.48e-20      0.00 4.287e-01 5.442e-01 2.984e-03 7.845e-03 7.196e-03 -1.000 2.710e-02 -11.250 -11.120 -10.611 -10.504 -10.484 -10.445 -10.306 -10.274 -10.239
0.026915 0.28364 1.06296 350.0592041016 2.6336188316  128.887  6.392  4.0953  1.490    0  0.000  0.816     0.00     0.00     0.00     0.00     0.00 -1 -3.12e-20      0.00 4.247e-01 5.482e-01 2.990e-03 7.828e-03 7.208e-03 -1.000 2.711e-02 -11.209 -11.078 -10.568 -10.461 -10.441 -10.401 -10.263 -10.231 -10.195
0.026915 0.28364 1.06296 350.0592956543 2.6336188316  125.319  6.377  4.0966  1.497    0  0.000  0.822     0.00     0.00     0.00     0.00     0.00 -1 -2.85e-20      0.00 4.210e-01 5.519e-01 2.995e-03 7.813e-03 7.219e-03 -1.000 2.711e-02 -11.173 -11.040 -10.526 -10.419 -10.398 -10.358 -10.218 -10.186 -10.150
0.026915 0.28364 1.06296 350.0593872070 2.6336188316  122.500  6.366  4.0991  1.508    0  0.000  0.829     0.00     0.00     0.00     0.00     0.00 -1 -2.65e-20      0.00 4.181e-01 5.548e-01 2.999e-03 7.801e-03 7.227e-03 -1.000 2.709e-02 -11.145 -11.006 -10.486 -10.377 -10.356 -10.315 -10.173 -10.140 -10.104
0.026915 0.28364 1.06296 350.0594177246 2.6336188316  120.894  6.360  4.1022  1.521    0  0.000  0.834     0.00     0.00     0.00     0.00     0.00 -1 -2.55e-20      0.00 4.165e-01 5.564e-01 3.002e-03 7.794e-03 7.232e-03 -1.000 2.709e-02 -11.130 -10.983 -10.454 -10.344 -10.322 -10.280 -10.136 -10.102 -10.065
0.026915 0.28364 1.06296 350.0594482422 2.6336188316  119.545  6.356  4.1094  1.549    0  0.000  0.839     0.00     0.00     0.00     0.00     0.00 -1 -2.47e-20      0.00 4.151e-01 5.578e-01 3.004e-03 7.788e-03 7.236e-03 -1.000 2.710e-02 -11.120 -10.955 -10.408 -10.295 -10.271 -10.226 -10.076 -10.040 -10.002
0.026915 0.28364 1.06296 350.0594787598 2.6336188316  118.157  6.405  4.1757  1.760    0  0.000  0.844     0.00     0.00     0.00     0.00     0.00 -1 -2.81e-20      0.00 4.138e-01 5.591e-01 3.006e-03 7.784e-03 7.240e-03 -1.000 2.711e-02 -11.243 -10.900 -10.192 -10.051 -10.009 -9.941 -9.738 -9.687 -9.637
0.026915 0.28364 1.06296 350.0595092773 2.6336188316  117.075  6.374  4.2057  1.907    0  0.000  0.836     0.00     0.00     0.00     0.00     0.00 -1 -2.53e-20      0.00 4.127e-01 5.602e-01 3.005e-03 7.783e-03 7.242e-03 -1.000 2.710e-02 -11.165 -10.730 -9.963 -9.809 -9.758 -9.678 -9.454 -9.394 -9.339
0.026915 0.28364 1.06296 350.0595397949 2.6336188316  116.386  6.364  4.2093  1.929    0  0.000  0.741     0.00     0.00     0.00     0.00     0.00 -1 -2.43e-20      0.00 4.120e-01 5.609e-01 2.989e-03 7.804e-03 7.244e-03 -1.000 2.710e-02 -11.140 -10.694 -9.919 -9.765 -9.712 -9.631 -9.404 -9.344 -9.287
0.026915 0.28364 1.06296 350.0596008301 2.6336188316  113.623  6.357  4.2439  2.064    0  0.000  0.920     0.00     0.00     0.00     0.00     0.00 -1 -2.33e-20      0.00 4.036e-01 5.693e-01 3.021e-03 7.757e-03 7.248e-03 -1.000 2.711e-02 -11.123 -10.577 -9.723 -9.560 -9.500 -9.408 -9.156 -9.086 -9.023
0.026915 0.28364 1.06296 350.0596618652 2.6336188316  110.186  6.341  4.2418  2.059    0  0.000  1.057     0.00     0.00     0.00     0.00     0.00 -1 -2.12e-20      0.00 4.031e-01 5.698e-01 3.043e-03 7.719e-03 7.256e-03 -1.000 2.710e-02 -11.082 -10.541 -9.693 -9.530 -9.470 -9.379 -9.128 -9.059 -8.996
0.026915 0.28364 1.06296 350.0597534180 2.6336188316  107.383  6.327  4.2423  2.063    0  0.000 29.079     0.00     0.00     0.00     0.00     0.00 -1 -1.88e-20      0.00 4.036e-01 5.476e-01 2.096e-02 1.318e-03 7.510e-03  9.500 4.886e-02 -11.048 -10.507 -9.657 -9.494 -9.434 -9.343 -9.092 -9.022 -8.959
0.026915 0.28364 1.06296 350.0598754883 2.6336188316  103.729  6.312  4.2397  2.053    0  0.000 14.064     0.00     0.00     0.00     0.00     0.00 -1 -1.46e-20      0.00 4.044e-01 4.891e-01 7.551e-02 7.935e-04 1.021e-02 10.145 1.064e-01 -11.010 -10.476 -9.632 -9.470 -9.410 -9.319 -9.070 -9.002 -8.939
0.026915 0.28364 1.06296 350.0600280762 2.6336188316  100.532  6.301  4.2388  2.046    0  0.000  7.501     0.00     0.00     0.00     0.00     0.00 -1 -1.15e-20      0.00 4.055e-01 4.392e-01 1.187e-01 7.955e-04 1.591e-02 10.341 1.553e-01 -10.984 -10.452 -9.610 -9.448 -9.389 -9.298 -9.050 -8.982 -8.919
0.026915 0.28364 1.06296 350.0601501465 2.6336188316   98.729  6.298  4.2408  2.050    0  0.000  5.303     0.00     0.00     0.00     0.00     0.00 -1 -9.49e-21      0.00 4.063e-01 4.036e-01 1.465e-01 7.971e-04 2.283e-02 10.424 1.901e-01 -10.974 -10.437 -9.590 -9.428 -9.368 -9.277 -9.027 -8.958 -8.896
0.026915 0.28364 1.06296 350.0602416992 2.6336188316   97.738  6.297  4.2454  2.064    0  0.000  4.295     0.00     0.00     0.00     0.00     0.00 -1 -8.36e-21      0.00 4.069e-01 3.803e-01 1.631e-01 7.982e-04 2.904e-02 10.462 2.129e-01 -10.973 -10.422 -9.565 -9.402 -9.342 -9.249 -8.996 -8.926 -8.862
0.026915 0.28364 1.06296 350.0602722168 2.6336188316   97.202  6.304  4.2625  2.123    0  0.000  3.800     0.00     0.00     0.00     0.00     0.00 -1 -7.86e-21      0.00 4.072e-01 3.664e-01 1.722e-01 7.990e-04 3.348e-02 10.479 2.264e-01 -10.991 -10.392 -9.494 -9.328 -9.265 -9.169 -8.904 -8.829 -8.761
0.026915 0.28364 1.06296 350.0603027344 2.6336188316   97.071  6.349  4.3206  2.310    0  0.000  3.708     0.00     0.00     0.00     0.00     0.00 -1 -9.09e-21      0.00 4.073e-01 3.636e-01 1.739e-01 7.991e-04 3.442e-02 10.481 2.291e-01 -11.103 -10.244 -9.310 -9.110 -9.025 -8.905 -8.608 -8.518 -8.440